# energy grid [eV]     epsi_x  epsi_y  epsi_z
#
    0.001000000    0.000054037    0.000053647    0.000053623
    0.034387312    0.001858479    0.001845056    0.001844219
    0.067774624    0.003664494    0.003638002    0.003636351
    0.101161937    0.005473612    0.005433982    0.005431513
    0.134549249    0.007287372    0.007234501    0.007231207
    0.167936561    0.009107322    0.009041072    0.009036944
    0.201323873    0.010935025    0.010855223    0.010850251
    0.234711185    0.012772064    0.012678500    0.012672670
    0.268098497    0.014620042    0.014512470    0.014505767
    0.301485810    0.016480589    0.016358723    0.016351130
    0.334873122    0.018355365    0.018218882    0.018210378
    0.368260434    0.020246064    0.020094599    0.020085161
    0.401647746    0.022154419    0.021987564    0.021977168
    0.435035058    0.024082207    0.023899510    0.023888127
    0.468422371    0.026031250    0.025832214    0.025819812
    0.501809683    0.028003427    0.027787505    0.027774050
    0.535196995    0.030000672    0.029767265    0.029752721
    0.568584307    0.032024984    0.031773441    0.031757766
    0.601971619    0.034078432    0.033808042    0.033791193
    0.635358932    0.036163159    0.035873154    0.035855082
    0.668746244    0.038281393    0.037970938    0.037951591
    0.702133556    0.040435450    0.040103641    0.040082964
    0.735520868    0.042627743    0.042273605    0.042251536
    0.768908180    0.044860791    0.044483269    0.044459743
    0.802295492    0.047137226    0.046735183    0.046710128
    0.835682805    0.049459805    0.049032012    0.049005352
    0.869070117    0.051831416    0.051376550    0.051348202
    0.902457429    0.054255094    0.053771726    0.053741601
    0.935844741    0.056734027    0.056220617    0.056188620
    0.969232053    0.059271576    0.058726463    0.058692489
    1.002619366    0.061871280    0.061292673    0.061256611
    1.036006678    0.064536880    0.063922845    0.063884575
    1.069393990    0.067272329    0.066620780    0.066580170
    1.102781302    0.070081811    0.069390496    0.069347407
    1.136168614    0.072969765    0.072236250    0.072190530
    1.169555927    0.075940901    0.075162555    0.075114040
    1.202943239    0.079000226    0.078174203    0.078122716
    1.236330551    0.082153068    0.081276290    0.081221637
    1.269717863    0.085405109    0.084474237    0.084416212
    1.303105175    0.088762409    0.087773827    0.087712203
    1.336492487    0.092231447    0.091181228    0.091115761
    1.369879800    0.095819155    0.094703036    0.094633460
    1.403267112    0.099532962    0.098346307    0.098272332
    1.436654424    0.103380841    0.102118603    0.102039915
    1.470041736    0.107371359    0.106028039    0.105944295
    1.503429048    0.111513738    0.110083336    0.109994162
    1.536816361    0.115817916    0.114293879    0.114198866
    1.570203673    0.120294624    0.118669782    0.118568482
    1.603590985    0.124955461    0.123221963    0.123113888
    1.636978297    0.129812992    0.127962225    0.127846836
    1.670365609    0.134880846    0.132903348    0.132780056
    1.703752922    0.140173831    0.138059192    0.137927348
    1.737140234    0.145708070    0.143444817    0.143303705
    1.770527546    0.151501146    0.149076613    0.148925443
    1.803914858    0.157572273    0.154972449    0.154810348
    1.837302170    0.163942486    0.161151850    0.160977849
    1.870689482    0.170634867    0.167636184    0.167449208
    1.904076795    0.177674796    0.174448891    0.174247745
    1.937464107    0.185090247    0.181615738    0.181399088
    1.970851419    0.192912119    0.189165113    0.188931470
    2.004238731    0.201174638    0.197128370    0.196876064
    2.037626043    0.209915811    0.205540220    0.205267377
    2.071013356    0.219177959    0.214439199    0.214143708
    2.104400668    0.229008351    0.223868204    0.223547681
    2.137787980    0.239459947    0.233875131    0.233526878
    2.171175292    0.250592278    0.244513627    0.244134579
    2.204562604    0.262472502    0.255843981    0.255430644
    2.237949917    0.275176664    0.267934193    0.267482570
    2.271337229    0.288791226    0.280861249    0.280366754
    2.304724541    0.303414917    0.294712678    0.294170027
    2.338111853    0.319161006    0.309588434    0.308991512
    2.371499165    0.336160095    0.325603218    0.324944920
    2.404886477    0.354563603    0.342889343    0.342161372
    2.438273790    0.374548130    0.361600322    0.360792943
    2.471661102    0.396320987    0.381915386    0.381017113
    2.505048414    0.420127285    0.404045261    0.403042466
    2.538435726    0.446259108    0.428239621    0.427116033
    2.571823038    0.475067576    0.454796854    0.453532916
    2.605210351    0.506978887    0.484077049    0.482649086
    2.638597663    0.542516049    0.516519571    0.514898695
    2.671984975    0.582328816    0.552667299    0.550817969
    2.705372287    0.627235779    0.593200829    0.591078907
    2.738759599    0.678284914    0.638987924    0.636538051
    2.772146912    0.736842980    0.691157144    0.688309132
    2.805534224    0.804731473    0.751211128    0.747874947
    2.838921536    0.884440582    0.821207656    0.817266375
    2.872308848    0.979479320    0.904061894    0.899361658
    2.905696160    1.094974832    1.004076440    0.998412165
    2.939083472    1.238751073    1.127922287    1.121017336
    2.972470785    1.423375676    1.286553258    1.278031010
    3.005858097    1.670216524    1.499063561    1.488406913
    3.039245409    2.017379098    1.799927893    1.786395836
    3.072632721    2.531110378    2.245359830    2.227589205
    3.106020033    3.290279540    2.874874075    2.849045809
    3.139407346    4.263514989    3.582786627    3.540432006
    3.172794658    5.359886590    4.215765594    4.144496316
    3.206181970    6.609499560    4.819198875    4.707553659
    3.239569282    7.787515874    5.432211349    5.285231715
    3.272956594    8.679933926    6.061760433    5.898345750
    3.306343907    9.574161660    6.865875472    6.696857657
    3.339731219   10.892607835    8.061837069    7.885198243
    3.373118531   12.615158914    9.763418701    9.585481706
    3.406505843   14.419656027   11.972366013   11.819663440
    3.439893155   15.970050341   14.383657798   14.284640387
    3.473280467   17.233349531   16.578767953   16.537873877
    3.506667780   18.283167058   18.430944104   18.440128447
    3.540055092   19.406790797   20.211340058   20.261506215
    3.573442404   20.363941684   21.897509407   21.993156432
    3.606829716   21.019040461   23.404024937   23.552722672
    3.640217028   21.949499734   25.094652541   25.290776553
    3.673604341   23.141727341   26.531132030   26.742536898
    3.706991653   24.278212243   27.218795644   27.402111034
    3.740378965   25.288047248   27.604880971   27.749180051
    3.773766277   26.333829124   28.037698054   28.143627029
    3.807153589   27.352257127   28.636685545   28.716353922
    3.840540902   28.362228509   29.469472424   29.538063356
    3.873928214   29.265377157   30.566238330   30.647015650
    3.907315526   29.990825033   31.663788877   31.767873851
    3.940702838   30.672833721   32.680875078   32.805938780
    3.974090150   30.838597440   33.034396706   33.171434345
    4.007477462   30.161621700   32.060102184   32.178854433
    4.040864775   28.783445288   29.907306698   29.977800231
    4.074252087   27.169503449   27.572316539   27.597796566
    4.107639399   25.700991566   25.704784611   25.705423177
    4.141026711   24.315116236   24.003715100   23.984672884
    4.174414023   23.110705030   22.180451685   22.122597430
    4.207801336   22.058232226   20.262819547   20.150849078
    4.241188648   21.010556964   18.470885381   18.312421315
    4.274575960   20.154580097   17.025048135   16.829746251
    4.307963272   18.997968881   15.774278256   15.573137002
    4.341350584   17.354452026   14.592172545   14.419889886
    4.374737896   15.697110111   13.515263471   13.379276663
    4.408125209   14.103650976   12.421986498   12.317275546
    4.441512521   12.470865799   11.283282059   11.209364457
    4.474899833   10.990891658   10.298513985   10.255508647
    4.508287145    9.614667462    9.534928756    9.530196132
    4.541674457    8.325021941    8.946893179    8.985947920
    4.575061770    7.303778141    8.448598139    8.520241695
    4.608449082    6.718966748    8.003225092    8.083526772
    4.641836394    6.558345893    7.709151773    7.781138048
    4.675223706    6.646421980    7.582818486    7.641383335
    4.708611018    6.576985355    7.454554094    7.509340512
    4.741998331    6.185337348    7.252620634    7.319224597
    4.775385643    5.721215429    7.081338411    7.166274276
    4.808772955    5.320738854    6.933040945    7.033784545
    4.842160267    5.055045003    6.781210619    6.889114913
    4.875547579    4.940724353    6.694024907    6.803624666
    4.908934891    4.868161787    6.577158720    6.683972013
    4.942322204    4.863505583    6.490931390    6.592662709
    4.975709516    4.912369467    6.392409045    6.484897112
    5.009096828    4.912333951    6.274607715    6.359666341
    5.042484140    4.710610328    6.109288699    6.196574134
    5.075871452    4.452671454    5.933625163    6.026033161
    5.109258765    4.288014246    5.873933429    5.972919726
    5.142646077    4.165563059    5.898165025    6.006365645
    5.176033389    4.177140568    5.903602985    6.011449444
    5.209420701    4.260263386    5.900155242    6.002596031
    5.242808013    4.297850623    5.904777879    6.005159344
    5.276195326    4.325400282    5.851842908    5.947158287
    5.309582638    4.357313819    5.810060104    5.900758704
    5.342969950    4.386950615    5.835311199    5.925744957
    5.376357262    4.421494649    5.843123317    5.931888930
    5.409744574    4.550954472    5.788390422    5.865654619
    5.443131886    4.633089465    5.654529313    5.718280134
    5.476519199    4.682843002    5.555338142    5.609763763
    5.509906511    4.816641061    5.511627042    5.554973650
    5.543293823    5.052932295    5.455402333    5.480511091
    5.576681135    5.338298170    5.500657259    5.510812507
    5.610068447    5.501919243    5.532580241    5.534527938
    5.643455760    5.355687407    5.398576440    5.401234410
    5.676843072    5.031145839    5.163302963    5.171489516
    5.710230384    4.733650570    4.906294451    4.917005507
    5.743617696    4.587042244    4.679002693    4.684702975
    5.777005008    4.604780637    4.569093586    4.566863446
    5.810392321    4.760014433    4.614464211    4.605397915
    5.843779633    4.928098488    4.750794658    4.739750730
    5.877166945    4.820067502    4.712656289    4.705930939
    5.910554257    4.519081848    4.391869904    4.383852623
    5.943941569    4.351865735    4.090793573    4.074435566
    5.977328881    4.315281988    3.972339940    3.950893550
    6.010716194    4.258378740    3.971220281    3.953274832
    6.044103506    4.231842242    4.031667774    4.019155963
    6.077490818    4.250762703    4.104264969    4.095121321
    6.110878130    4.400166707    4.232752734    4.222304509
    6.144265442    4.656135125    4.352935077    4.333985618
    6.177652755    4.852308814    4.350568225    4.319205327
    6.211040067    4.884554173    4.211481653    4.169388090
    6.244427379    4.869156982    4.061240990    4.010691124
    6.277814691    4.969799219    4.054188470    3.996926895
    6.311202003    5.049702263    4.073675835    4.012658744
    6.344589316    4.998292327    4.043921408    3.984251615
    6.377976628    4.884654190    4.000015686    3.944744025
    6.411363940    4.830889811    4.018482628    3.967766750
    6.444751252    4.957823908    4.065723455    4.009978355
    6.478138564    5.257619384    4.039860857    3.963717986
    6.511525876    5.634794367    4.007926136    3.906209243
    6.544913189    5.786519463    3.929480748    3.813389187
    6.578300501    5.508244504    3.779031799    3.670932361
    6.611687813    5.004926193    3.638763000    3.553363533
    6.645075125    4.580724030    3.570559462    3.507435574
    6.678462437    4.280405778    3.564825649    3.520106028
    6.711849750    4.010227110    3.535622964    3.505944294
    6.745237062    3.771477947    3.456862619    3.437167471
    6.778624374    3.655777280    3.409451263    3.394025215
    6.812011686    3.645142052    3.415649333    3.401296065
    6.845398998    3.668155302    3.439775693    3.425506529
    6.878786311    3.667169191    3.500749545    3.490357989
    6.912173623    3.785002559    3.631503004    3.621917388
    6.945560935    4.055680535    3.762575563    3.744278116
    6.978948247    4.303223449    3.862602140    3.835090292
    7.012335559    4.382776730    3.863718100    3.831290350
    7.045722871    4.268367234    3.712509096    3.677777916
    7.079110184    4.068080917    3.526004110    3.492142014
    7.112497496    3.837599579    3.378899038    3.350255535
    7.145884808    3.685368340    3.307509244    3.283908900
    7.179272120    3.643154160    3.332338123    3.312932282
    7.212659432    3.641406929    3.409336531    3.394868138
    7.246046745    3.607739333    3.450160160    3.440319953
    7.279434057    3.538141015    3.424691600    3.417578866
    7.312821369    3.486379949    3.380389126    3.373743368
    7.346208681    3.516923810    3.382107347    3.373677872
    7.379595993    3.657585681    3.405537452    3.389800021
    7.412983306    3.810004602    3.377401420    3.350384266
    7.446370618    3.922989952    3.365454381    3.330628934
    7.479757930    3.982323513    3.385743479    3.348474311
    7.513145242    3.963992582    3.392713666    3.357026000
    7.546532554    3.964833056    3.451442028    3.419361249
    7.579919866    3.960994201    3.561567476    3.536586114
    7.613307179    4.004640777    3.657218123    3.635462586
    7.646694491    4.127564346    3.664580303    3.635636808
    7.680081803    4.198137826    3.599268578    3.561868260
    7.713469115    4.215063152    3.575168927    3.535195539
    7.746856427    4.246837822    3.623099984    3.584157482
    7.780243740    4.244775064    3.651385120    3.614383692
    7.813631052    4.272382899    3.712618772    3.677695125
    7.847018364    4.309724996    3.860140418    3.832058976
    7.880405676    4.265654555    3.999985819    3.983390650
    7.913792988    4.184747692    4.044863329    4.036130098
    7.947180301    4.056216330    3.975990135    3.970991175
    7.980567613    3.930495245    3.877424346    3.874131248
    8.013954925    3.941518853    3.832593714    3.825800492
    8.047342237    4.011498625    3.803407856    3.790397570
    8.080729549    4.014327801    3.802348014    3.789087977
    8.114116861    4.010620316    3.814521505    3.802263366
    8.147504174    3.957278260    3.799450997    3.789607539
    8.180891486    3.826305948    3.796867995    3.795061252
    8.214278798    3.742794531    3.822926634    3.827973331
    8.247666110    3.802633506    3.884482088    3.889609944
    8.281053422    3.926203402    3.966643929    3.969156494
    8.314440735    3.975510445    4.018982718    4.021654311
    8.347828047    3.945656649    3.995774937    3.998846308
    8.381215359    3.918354273    3.938966679    3.940203077
    8.414602671    3.907464457    3.961807123    3.965176742
    8.447989983    3.915389014    4.054232753    4.062904443
    8.481377295    3.966719256    4.160540541    4.172648481
    8.514764608    4.072817046    4.254606267    4.265950333
    8.548151920    4.182622096    4.391311584    4.404330748
    8.581539232    4.292540562    4.589889625    4.608464470
    8.614926544    4.396607973    4.779926524    4.803868641
    8.648313856    4.564986634    4.962663968    4.987481267
    8.681701169    4.817540077    5.101905857    5.119624475
    8.715088481    5.010631707    5.073193733    5.077082615
    8.748475793    5.073381556    4.938051514    4.929605952
    8.781863105    5.038053290    4.864460391    4.853630058
    8.815250417    4.935649228    4.879870755    4.876409587
    8.848637730    4.777039788    4.896284580    4.903751965
    8.882025042    4.647484649    4.923915729    4.941177196
    8.915412354    4.668290251    4.995655916    5.016081547
    8.948799666    4.740760261    5.064345957    5.084542414
    8.982186978    4.757921599    5.121074262    5.143752208
    9.015574290    4.785454737    5.167817154    5.191713880
    9.048961603    4.855130565    5.201462162    5.223108211
    9.082348915    4.951861929    5.232705562    5.250251507
    9.115736227    5.018439594    5.202962956    5.214488956
    9.149123539    5.024688493    5.118268998    5.124123957
    9.182510851    4.982955996    5.038425171    5.041890434
    9.215898164    4.902563752    5.004367759    5.010715938
    9.249285476    4.844164214    4.951286763    4.957985744
    9.282672788    4.831484101    4.851007811    4.852250923
    9.316060100    4.855361071    4.787237453    4.783006270
    9.349447412    4.842171570    4.777938786    4.773938684
    9.382834725    4.786295622    4.804022189    4.805130633
    9.416222037    4.754854992    4.813266925    4.816933027
    9.449609349    4.729317218    4.754229347    4.755809031
    9.482996661    4.763461086    4.683859775    4.678894699
    9.516383973    4.834295741    4.634190213    4.621677182
    9.549771285    4.873845503    4.573463186    4.554678053
    9.583158598    4.872524698    4.522015459    4.500098549
    9.616545910    4.808816840    4.514428683    4.496030972
    9.649933222    4.682869323    4.509296621    4.498460626
    9.683320534    4.532398869    4.465378060    4.461195997
    9.716707846    4.398469570    4.366464494    4.364457053
    9.750095159    4.316486931    4.256570353    4.252815264
    9.783482471    4.238364476    4.145852801    4.140073797
    9.816869783    4.191846454    4.100249226    4.094516489
    9.850257095    4.251137091    4.158950408    4.153152970
    9.883644407    4.294709936    4.186691125    4.179902539
    9.917031720    4.249898492    4.105513363    4.096461134
    9.950419032    4.185426466    4.040684751    4.031623163
    9.983806344    4.148419006    4.010186882    4.001548225
   10.017193656    4.135391119    3.970146235    3.959803321
   10.050580968    4.099658862    3.925836224    3.914907806
   10.083968280    4.156343771    3.952561391    3.939719209
   10.117355593    4.349874346    4.048191010    4.029237819
   10.150742905    4.485613618    4.103027688    4.079072571
   10.184130217    4.534246509    4.082980541    4.054792709
   10.217517529    4.569211968    4.062274478    4.030648861
   10.250904841    4.555709976    4.075232978    4.045268222
   10.284292154    4.477476076    4.109209111    4.086245560
   10.317679466    4.379994980    4.113829340    4.097257891
   10.351066778    4.366743792    4.135336034    4.120920233
   10.384454090    4.448737541    4.222469667    4.208326972
   10.417841402    4.561386269    4.304460546    4.288370960
   10.451228715    4.556394513    4.314762912    4.299632625
   10.484616027    4.449955676    4.266728527    4.255284486
   10.518003339    4.436055000    4.232663727    4.219972930
   10.551390651    4.456582818    4.218200501    4.203304659
   10.584777963    4.417304311    4.248460254    4.237882649
   10.618165275    4.320680952    4.270061312    4.266890649
   10.651552588    4.211645505    4.248288168    4.250599598
   10.684939900    4.123428322    4.257056952    4.265432844
   10.718327212    4.065972661    4.311980971    4.327365678
   10.751714524    4.054308414    4.363347300    4.382657459
   10.785101836    4.066732281    4.379250074    4.398762792
   10.818489149    4.112844050    4.366342281    4.382172939
   10.851876461    4.193487160    4.338665163    4.347746539
   10.885263773    4.204167614    4.299499161    4.305462751
   10.918651085    4.092417297    4.212424741    4.219907978
   10.952038397    3.902089253    4.096578644    4.108671433
   10.985425710    3.744051682    4.039114107    4.057482508
   11.018813022    3.691621722    4.035136615    4.056586810
   11.052200334    3.729817860    4.005216032    4.022461644
   11.085587646    3.770976192    3.925881491    3.935601674
   11.118974958    3.768280303    3.849943647    3.855080652
   11.152362270    3.747776939    3.813998999    3.818152128
   11.185749583    3.746490347    3.809523490    3.813444079
   11.219136895    3.758649079    3.791410808    3.793421800
   11.252524207    3.746073487    3.753648032    3.754090724
   11.285911519    3.703763780    3.711586932    3.712055452
   11.319298831    3.687704736    3.668690869    3.667477036
   11.352686144    3.718685695    3.634034750    3.628709020
   11.386073456    3.761424885    3.636060770    3.628179658
   11.419460768    3.782985568    3.656867162    3.648949479
   11.452848080    3.773484106    3.681617798    3.675852913
   11.486235392    3.720581593    3.689365561    3.687390917
   11.519622705    3.611420239    3.655789331    3.658541753
   11.553010017    3.537305947    3.650106870    3.657133498
   11.586397329    3.532830005    3.706962916    3.717800830
   11.619784641    3.529854558    3.776849974    3.792225349
   11.653171953    3.498141984    3.806353003    3.825576380
   11.686559265    3.450353682    3.749728383    3.768463092
   11.719946578    3.447561937    3.709758171    3.726178638
   11.753333890    3.497674844    3.756954197    3.773171524
   11.786721202    3.530686626    3.793654434    3.810114312
   11.820108514    3.510397892    3.760513774    3.776170609
   11.853495826    3.441760228    3.691288651    3.706895855
   11.886883139    3.386277796    3.652846531    3.669522666
   11.920270451    3.354541248    3.663883703    3.683237271
   11.953657763    3.285730602    3.670955880    3.695043904
   11.987045075    3.190272661    3.668198808    3.698068850
   12.020432387    3.106652446    3.629238784    3.661906333
   12.053819699    3.043008645    3.562822797    3.595327267
   12.087207012    2.989818909    3.475998437    3.506403183
   12.120594324    2.936863547    3.364549394    3.391306836
   12.153981636    2.887717569    3.230540829    3.251998649
   12.187368948    2.873643877    3.113862925    3.128897991
   12.220756260    2.896826174    3.059083033    3.069236919
   12.254143573    2.960770570    3.054138770    3.059992846
   12.287530885    3.044704038    3.059255142    3.060181205
   12.320918197    3.058398159    3.026752579    3.024788977
   12.354305509    2.988474448    2.966086993    2.964707386
   12.387692821    2.939998206    2.945950915    2.946342335
   12.421080134    2.902857132    2.942026127    2.944487781
   12.454467446    2.859222162    2.928867951    2.933231789
   12.487854758    2.835698882    2.922257587    2.927673218
   12.521242070    2.800656062    2.898389826    2.904495023
   12.554629382    2.759756046    2.869393083    2.876232879
   12.588016694    2.739256125    2.857689082    2.865074457
   12.621404007    2.745305941    2.865608774    2.873115706
   12.654791319    2.772657873    2.893580424    2.901142269
   12.688178631    2.816848913    2.925073217    2.931843903
   12.721565943    2.859378554    2.953781709    2.959685583
   12.754953255    2.889904084    2.986378366    2.992416908
   12.788340568    2.941894548    3.047865705    3.054495624
   12.821727880    3.033577856    3.106824232    3.111409696
   12.855115192    3.165075802    3.159650624    3.159322182
   12.888502504    3.340155300    3.235863680    3.229354213
   12.921889816    3.464891926    3.298325650    3.287914218
   12.955277129    3.484416415    3.322073425    3.311929262
   12.988664441    3.455197293    3.332200147    3.324517147
   13.022051753    3.482980358    3.406156047    3.401355750
   13.055439065    3.586493760    3.540482785    3.537606076
   13.088826377    3.672750754    3.627959107    3.625160965
   13.122213689    3.712635273    3.683973491    3.682186075
   13.155601002    3.780165616    3.785381032    3.785704815
   13.188988314    3.891661205    3.907659709    3.908641917
   13.222375626    3.983248868    4.022473671    4.024900410
   13.255762938    4.069442432    4.112956819    4.115657159
   13.289150250    4.186605975    4.167442272    4.166254661
   13.322537563    4.279819307    4.185265009    4.179375109
   13.355924875    4.332722141    4.208270321    4.200506248
   13.389312187    4.369506439    4.233649155    4.225163795
   13.422699499    4.429293355    4.247679000    4.236318306
   13.456086811    4.531049962    4.317950983    4.304606589
   13.489474124    4.662838822    4.496556577    4.486141198
   13.522861436    4.850323742    4.735395964    4.728202347
   13.556248748    5.053271062    4.968355321    4.963039284
   13.589636060    5.243501756    5.191846249    5.188609822
   13.623023372    5.353297952    5.340530469    5.339727970
   13.656410684    5.385378677    5.382212433    5.382000909
   13.689797997    5.440575584    5.380832759    5.377081488
   13.723185309    5.485882605    5.364638887    5.357046428
   13.756572621    5.499672382    5.385278757    5.378107389
   13.789959933    5.533043609    5.453875745    5.448897748
   13.823347245    5.561701852    5.482456574    5.477504192
   13.856734558    5.627878063    5.436691297    5.424768760
   13.890121870    5.790359834    5.453314850    5.432258469
   13.923509182    5.962560528    5.518891621    5.491169251
   13.956896494    6.100129867    5.604785475    5.573843332
   13.990283806    6.166701506    5.707289250    5.678593223
   14.023671119    6.202449327    5.781802610    5.755516069
   14.057058431    6.214322033    5.794659880    5.768417023
   14.090445743    6.228108268    5.789225910    5.761799701
   14.123833055    6.241071011    5.770368141    5.740966469
   14.157220367    6.191675492    5.693105624    5.661953024
   14.190607679    6.104183085    5.602267714    5.570904982
   14.223994992    5.995032353    5.499996801    5.469074881
   14.257382304    5.884013116    5.396200029    5.365737766
   14.290769616    5.752471768    5.308704931    5.281009034
   14.324156928    5.610353156    5.252353878    5.230007733
   14.357544240    5.484303757    5.211748487    5.194715212
   14.390931553    5.390474852    5.149552867    5.134474132
   14.424318865    5.370848612    5.095302023    5.078054986
   14.457706177    5.434304990    5.040674512    5.016056268
   14.491093489    5.519897428    4.980184936    4.946451687
   14.524480801    5.537917036    4.933004505    4.895206771
   14.557868114    5.412570255    4.904330165    4.872563513
   14.591255426    5.266312503    4.897239295    4.874155209
   14.624642738    5.243939328    4.912715565    4.891984775
   14.658030050    5.306250355    4.915362588    4.890911560
   14.691417362    5.281195964    4.842240628    4.814794610
   14.724804674    5.137053029    4.752714063    4.728675871
   14.758191987    4.986849110    4.738137551    4.722568878
   14.791579299    4.905751560    4.794496299    4.787527707
   14.824966611    4.881785554    4.866210202    4.865236754
   14.858353923    4.895442557    4.929141242    4.931239964
   14.891741235    4.909224842    4.963390236    4.966754645
   14.925128548    4.905716859    4.936857163    4.938762091
   14.958515860    4.834108560    4.871157295    4.873423513
   14.991903172    4.732339907    4.819976320    4.825415674
   15.025290484    4.641925966    4.777874384    4.786358837
   15.058677796    4.552868460    4.746183216    4.758254157
   15.092065109    4.506549386    4.763533321    4.779574806
   15.125452421    4.537857692    4.838889067    4.857689948
   15.158839733    4.584442684    4.892603786    4.911870856
   15.192227045    4.550660544    4.878527218    4.899031435
   15.225614357    4.435351701    4.817337339    4.841227482
   15.259001669    4.322700025    4.710778579    4.735047563
   15.292388982    4.203126558    4.588464907    4.612532189
   15.325776294    4.096527885    4.510207515    4.536029705
   15.359163606    4.027652892    4.488906517    4.517712877
   15.392550918    4.007045110    4.486999621    4.516993534
   15.425938230    3.970520819    4.436713654    4.465858641
   15.459325543    3.903036142    4.323541778    4.349836727
   15.492712855    3.845995063    4.188677117    4.210096636
   15.526100167    3.794473593    4.077277841    4.094942579
   15.559487479    3.723126039    4.017351986    4.035738070
   15.592874791    3.624603088    3.992933089    4.015968627
   15.626262104    3.576604538    3.995011509    4.021183642
   15.659649416    3.579491457    4.000140172    4.026443258
   15.693036728    3.527555130    3.942069090    3.967976502
   15.726424040    3.434793922    3.844977919    3.870612944
   15.759811352    3.357649921    3.778203292    3.804491748
   15.793198664    3.338105696    3.760046498    3.786429811
   15.826585977    3.351077304    3.722637421    3.745883832
   15.859973289    3.325740550    3.619723459    3.638122108
   15.893360601    3.216077024    3.490000065    3.507132918
   15.926747913    3.105619670    3.387366528    3.404982972
   15.960135225    3.047444167    3.322393381    3.339587256
   15.993522538    3.050945985    3.310766024    3.327016674
   16.026909850    3.088582389    3.315997714    3.330230219
   16.060297162    3.092115597    3.302883569    3.316075040
   16.093684474    3.035645683    3.281987535    3.297393674
   16.127071786    2.977575477    3.261784576    3.279557666
   16.160459098    2.959179853    3.231590162    3.248625796
   16.193846411    2.978814416    3.203463503    3.217515657
   16.227233723    3.008561812    3.204142968    3.216379821
   16.260621035    3.015170852    3.207430367    3.219450435
   16.294008347    3.010139032    3.176638885    3.187039861
   16.327395659    2.999662203    3.123250426    3.130970125
   16.360782972    3.000064798    3.093981148    3.099847327
   16.394170284    3.031299837    3.111075008    3.116066867
   16.427557596    3.060782967    3.165044944    3.171570821
   16.460944908    3.051340259    3.201155373    3.210534272
   16.494332220    3.009752979    3.197224429    3.208948600
   16.527719533    2.982544188    3.170826233    3.182588011
   16.561106845    2.973484469    3.115987548    3.124885704
   16.594494157    3.003229648    3.061509532    3.065146845
   16.627881469    3.061981930    3.025395744    3.023112153
   16.661268781    3.116530170    2.991287323    2.983466492
   16.694656093    3.147583847    2.976393177    2.965703902
   16.728043406    3.176699161    2.997175343    2.985975834
   16.761430718    3.248007655    3.047666065    3.035158952
   16.794818030    3.349975660    3.111053530    3.096126314
   16.828205342    3.453699704    3.183728051    3.166851149
   16.861592654    3.540510269    3.249447012    3.231240739
   16.894979967    3.586606831    3.265667554    3.245588986
   16.928367279    3.584067378    3.238016707    3.216371398
   16.961754591    3.543022523    3.190342605    3.168297398
   16.995141903    3.502760672    3.176885614    3.156525103
   17.028529215    3.474297561    3.209495544    3.192947563
   17.061916528    3.431935477    3.251329128    3.240040467
   17.095303840    3.382643739    3.263999546    3.256586252
   17.128691152    3.362183400    3.268205488    3.262332698
   17.162078464    3.400986203    3.306578540    3.300677482
   17.195465776    3.472145846    3.363796776    3.357029442
   17.228853088    3.534489543    3.391749833    3.382830532
   17.262240401    3.545067737    3.387151351    3.377268662
   17.295627713    3.490505089    3.388494990    3.382105302
   17.329015025    3.404923202    3.397554827    3.397090705
   17.362402337    3.355539838    3.377620082    3.378999715
   17.395789649    3.351402795    3.360124267    3.360666501
   17.429176962    3.341673697    3.359326994    3.360431184
   17.462564274    3.278220124    3.348233698    3.352600317
   17.495951586    3.187573818    3.318447321    3.326607545
   17.529338898    3.101949260    3.274029371    3.284765926
   17.562726210    3.049949907    3.237800407    3.249529154
   17.596113523    3.032841900    3.191071105    3.200959582
   17.629500835    3.024019538    3.138555396    3.145717574
   17.662888147    3.002356139    3.101828318    3.108047397
   17.696275459    2.985525407    3.068722971    3.073921329
   17.729662771    3.004486386    3.052081551    3.055054311
   17.763050083    3.062368509    3.057703595    3.057416274
   17.796437396    3.089496967    3.033002711    3.029488321
   17.829824708    3.036661420    2.949477705    2.944047038
   17.863212020    2.955186219    2.864457533    2.858801431
   17.896599332    2.876555481    2.808910366    2.804699289
   17.929986644    2.799388174    2.770061607    2.768247383
   17.963373957    2.745434685    2.756575527    2.757290853
   17.996761269    2.744045580    2.766402739    2.767813095
   18.030148581    2.734368853    2.752404149    2.753537859
   18.063535893    2.705464337    2.714696470    2.715274185
   18.096923205    2.706194133    2.694893750    2.694180896
   18.130310518    2.715457761    2.687155621    2.685383446
   18.163697830    2.711993063    2.678156065    2.676048697
   18.197085142    2.696180810    2.679442962    2.678405062
   18.230472454    2.674496272    2.699349207    2.700905461
   18.263859766    2.662014743    2.714716627    2.718011151
   18.297247078    2.636968449    2.702903462    2.707018140
   18.330634391    2.598394103    2.679200481    2.684236207
   18.364021703    2.577415389    2.663058146    2.668395554
   18.397409015    2.585899866    2.660940323    2.665616171
   18.430796327    2.601176133    2.655222541    2.658580704
   18.464183639    2.591971404    2.629434139    2.631757555
   18.497570952    2.583451603    2.616490798    2.618555595
   18.530958264    2.574812469    2.603576129    2.605379532
   18.564345576    2.522938525    2.559666029    2.561959219
   18.597732888    2.464083374    2.523877926    2.527611568
   18.631120200    2.461513022    2.528809073    2.533014791
   18.664507513    2.484333236    2.541706428    2.545296037
   18.697894825    2.487614071    2.535752658    2.538770232
   18.731282137    2.481681385    2.523488944    2.526103490
   18.764669449    2.488266919    2.512986799    2.514522159
   18.798056761    2.530577059    2.500829181    2.498966188
   18.831444073    2.589993733    2.491530968    2.485378189
   18.864831386    2.623415370    2.499871924    2.492151158
   18.898218698    2.618617490    2.515557226    2.509114060
   18.931606010    2.609317458    2.521385853    2.515885701
   18.964993322    2.607954721    2.528120483    2.523133249
   18.998380634    2.616881387    2.537923741    2.532997380
   19.031767947    2.614773904    2.521817365    2.516019411
   19.065155259    2.599536643    2.485915256    2.478813477
   19.098542571    2.589102303    2.451098891    2.442454678
   19.131929883    2.592852782    2.433456254    2.423482574
   19.165317195    2.599868712    2.471221617    2.463189144
   19.198704508    2.607670454    2.556759250    2.553584692
   19.232091820    2.618507496    2.641965721    2.643424150
   19.265479132    2.618661029    2.685157213    2.689301581
   19.298866444    2.614721843    2.691604130    2.696396605
   19.332253756    2.593323837    2.663596389    2.667975864
   19.365641068    2.563822002    2.616051705    2.619300052
   19.399028381    2.524126929    2.560743367    2.563007813
   19.432415693    2.466501253    2.476989136    2.477629781
   19.465803005    2.382070264    2.374027337    2.373521606
   19.499190317    2.308429501    2.304805759    2.304585053
   19.532577629    2.260227923    2.263604299    2.263832011
   19.565964942    2.228317579    2.228177976    2.228186042
   19.599352254    2.197288972    2.181149473    2.180154808
   19.632739566    2.129466195    2.117645301    2.116914340
   19.666126878    2.040211138    2.057383989    2.058461150
   19.699514190    1.962267762    1.991458762    1.993286019
   19.732901503    1.905899878    1.923148453    1.924225671
   19.766288815    1.871140696    1.867299481    1.867061405
   19.799676127    1.850269863    1.825723201    1.824192698
   19.833063439    1.815107568    1.780705283    1.778558208
   19.866450751    1.759012818    1.723817667    1.721629698
   19.899838063    1.701439859    1.661400191    1.658911499
   19.933225376    1.652557677    1.601665939    1.598492230
   19.966612688    1.613554454    1.560712217    1.557408629
   20.000000000    1.578552004    1.543770695    1.541590294
