# energy grid [eV]     epsi_x  epsi_y  epsi_z
#
    0.001000000    0.000054254    0.000053870    0.000053846
    0.067776294    0.003679267    0.003653170    0.003651581
    0.134552588    0.007316777    0.007264692    0.007261521
    0.201328881    0.010979213    0.010900591    0.010895804
    0.268105175    0.014679241    0.014573248    0.014566793
    0.334881469    0.018429883    0.018295387    0.018287194
    0.401657763    0.022244650    0.022080196    0.022070176
    0.468434057    0.026137675    0.025941465    0.025929508
    0.535210351    0.030123868    0.029893725    0.029879696
    0.601986644    0.034219079    0.033952407    0.033936146
    0.668762938    0.038440285    0.038134016    0.038115335
    0.735539232    0.042805796    0.042456335    0.042435011
    0.802315526    0.047335495    0.046938640    0.046914415
    0.869091820    0.052051110    0.051601967    0.051574539
    0.935868114    0.056976527    0.056469404    0.056438422
    1.002644407    0.062138161    0.061566435    0.061531491
    1.069420701    0.067565389    0.066921351    0.066881970
    1.136196995    0.073291059    0.072565723    0.072521351
    1.202973289    0.079352099    0.078534968    0.078484957
    1.269749583    0.085790250    0.084869030    0.084812622
    1.336525876    0.092652941    0.091613189    0.091549493
    1.403302170    0.099994361    0.098819048    0.098747013
    1.470078464    0.107876765    0.106545732    0.106464114
    1.536854758    0.116372087    0.114861358    0.114768679
    1.603631052    0.125563938    0.123844861    0.123739350
    1.670407346    0.135550116    0.133588254    0.133467787
    1.737183639    0.146445773    0.144199492    0.144061498
    1.803959933    0.158387456    0.155806085    0.155647436
    1.870736227    0.171538324    0.168559751    0.168376612
    1.937512521    0.186094951    0.182642434    0.182430066
    2.004288815    0.202296317    0.198274214    0.198026712
    2.071065109    0.220435858    0.215723837    0.215433769
    2.137841402    0.240877874    0.235322935    0.234980853
    2.204617696    0.264080252    0.257485593    0.257079345
    2.271393990    0.290626602    0.282735782    0.282249533
    2.338170284    0.321272699    0.311746715    0.311159534
    2.404946578    0.357015432    0.345398817    0.344682585
    2.471722871    0.399198286    0.384867811    0.383984061
    2.538499165    0.449678652    0.431763655    0.430658663
    2.605275459    0.511104827    0.488359881    0.486956830
    2.672051753    0.587399245    0.557994107    0.556180179
    2.738828047    0.684657929    0.645819242    0.643423644
    2.805604341    0.812968054    0.760348605    0.757104021
    2.872380634    0.990494871    0.917044860    0.912518929
    2.939156928    1.254071282    1.148118019    1.141598732
    3.005933222    1.692215602    1.535278437    1.525655022
    3.072709516    2.565921840    2.329189157    2.314794773
    3.139485810    4.410887232    3.781635564    3.743152921
    3.206262104    6.773986916    4.959826336    4.847498952
    3.273038397    9.137613122    6.107138666    5.918539694
    3.339814691   10.979422459    7.867303471    7.673629915
    3.406590985   14.017506870   11.475681211   11.318150068
    3.473367279   17.381504103   16.727727220   16.688622081
    3.540143573   19.699548333   22.265448013   22.425466196
    3.606919866   21.407867383   24.246975662   24.422919225
    3.673696160   22.942659377   25.234618666   25.376937802
    3.740472454   25.475185657   27.634138253   27.766898004
    3.807248748   27.817371286   28.666820875   28.717980659
    3.874025042   29.622003442   30.165833560   30.198127671
    3.940801336   30.495339879   32.479067589   32.603270211
    4.007577629   30.254622769   33.572544687   33.779657435
    4.074353923   26.744054001   27.741283696   27.803852810
    4.141130217   23.281252036   22.871481171   22.845996877
    4.207906511   23.033484614   20.191289066   20.014333566
    4.274682805   20.429503296   17.051988093   16.841469308
    4.341459098   18.271774873   15.304139065   15.120078093
    4.408235392   14.022555003   12.831739316   12.758701127
    4.475011686    9.877598666   10.397441273   10.431282403
    4.541787980    7.835450709    8.769586674    8.828103609
    4.608564274    6.488004478    6.897668692    6.923005827
    4.675340568    5.947002371    6.272716130    6.293445091
    4.742116861    5.334787102    6.316435008    6.377665279
    4.808893155    5.408961976    6.338799414    6.396922843
    4.875669449    5.489025896    6.665993098    6.739692845
    4.942445743    4.920007111    6.778586410    6.894783210
    5.009222037    5.480268560    6.986806015    7.081303279
    5.075998331    5.796652211    7.203670176    7.290711549
    5.142774624    5.019883094    7.260502670    7.399774958
    5.209550918    4.041265047    6.281434233    6.421080807
    5.276327212    3.734159826    5.528913245    5.640799519
    5.343103506    4.110954228    5.493498838    5.579845182
    5.409879800    4.769164283    5.768443577    5.830759234
    5.476656093    4.957165755    5.860308786    5.917016070
    5.543432387    4.466217643    5.563827056    5.631654134
    5.610208681    4.196317299    4.654001867    4.682374399
    5.676984975    4.398512462    4.521819731    4.529192281
    5.743761269    4.616157592    4.348085648    4.331275670
    5.810537563    4.536811476    4.129753404    4.104432073
    5.877313856    4.486622919    4.376146020    4.369248024
    5.944090150    4.578253201    4.795957472    4.809512777
    6.010866444    5.399628941    4.901746622    4.870861614
    6.077642738    5.264206366    4.745999133    4.713386661
    6.144419032    5.502477483    4.563560434    4.504832314
    6.211195326    5.432961605    3.987340459    3.897086938
    6.277971619    4.674280197    3.600594721    3.533459001
    6.344747913    4.610339268    3.658640617    3.598927060
    6.411524207    4.556548987    3.583106180    3.522336312
    6.478300501    4.746446843    3.739637913    3.676793388
    6.545076795    4.886579900    3.741127317    3.669416496
    6.611853088    4.407657759    3.627820922    3.578768875
    6.678629382    4.178379382    3.637203628    3.603540146
    6.745405676    3.810276752    3.710848230    3.704941891
    6.812181970    3.702479615    3.879467518    3.890454069
    6.878958264    3.913685889    3.690326571    3.676159691
    6.945734558    4.436480817    3.757311738    3.714692145
    7.012510851    4.518817865    3.765982081    3.718772947
    7.079287145    4.566998226    3.774400126    3.725143073
    7.146063439    3.798941947    3.325270922    3.295915549
    7.212839733    3.613895807    3.106680022    3.074817439
    7.279616027    3.640713992    3.349428862    3.331194454
    7.346392321    3.507130205    3.448620542    3.445159931
    7.413168614    3.915774881    3.768535842    3.759536130
    7.479944908    3.978917629    3.691151147    3.673031535
    7.546721202    4.156005860    3.397832183    3.350177564
    7.613497496    4.110799241    3.192159769    3.134911050
    7.680273790    3.590941645    3.155869935    3.128760857
    7.747050083    3.765997374    3.563954985    3.551336863
    7.813826377    3.958280259    4.130831893    4.141716664
    7.880602671    3.818791803    3.732902607    3.727811421
    7.947378965    4.082512491    3.528026337    3.493316119
    8.014155259    4.184061598    3.802072650    3.778414263
    8.080931553    4.079617147    4.052155107    4.050507479
    8.147707846    4.289612686    4.253933939    4.251607730
    8.214484140    4.097615734    4.101615012    4.101850703
    8.281260434    3.998415560    3.789500854    3.776476295
    8.348036728    4.192748614    3.842880191    3.821151612
    8.414813022    4.376409666    4.235649747    4.226835801
    8.481589316    3.845672046    4.108777113    4.124996580
    8.548365609    3.976518478    4.326782509    4.348741180
    8.615141903    4.346172370    4.538413283    4.550300146
    8.681918197    4.468854683    4.689997364    4.703640307
    8.748694491    4.564051545    4.819933084    4.835740297
    8.815470785    4.724130153    5.164851270    5.192501575
    8.882247078    4.966388409    5.509681965    5.543633073
    8.949023372    5.291024357    5.534880316    5.549975870
    9.015799666    5.309825161    5.186015054    5.178354632
    9.082575960    4.874098533    4.943901663    4.948311367
    9.149352254    4.463722566    4.782494093    4.802326779
    9.216128548    4.376664841    4.718473406    4.739823561
    9.282904841    4.481505591    4.558645589    4.563502804
    9.349681135    4.829695812    4.730547046    4.724280172
    9.416457429    5.263026006    4.872819259    4.848240938
    9.483233723    5.785883359    5.094085961    5.050902404
    9.550010017    4.797373122    4.769216648    4.767679055
    9.616786311    4.353206272    4.475481603    4.483255311
    9.683562604    4.224037861    4.366208229    4.375010480
    9.750338898    4.053953615    4.169458521    4.176686215
    9.817115192    3.963012413    3.998826764    4.000956311
    9.883891486    3.823509775    3.942900232    3.950217016
    9.950667780    4.093298254    4.083874325    4.083061124
   10.017444073    4.548607208    4.090603699    4.062059568
   10.084220367    5.127789930    4.071654627    4.005809001
   10.150996661    5.131831421    4.127272956    4.064680055
   10.217772955    4.846237086    4.185581319    4.144296362
   10.284549249    4.462335214    4.402736391    4.398851010
   10.351325543    4.427930927    4.448275746    4.449408013
   10.418101836    4.243375614    4.169180405    4.164362830
   10.484878130    3.772822675    3.979912221    3.992833256
   10.551654424    3.716371364    3.994296340    4.011829185
   10.618430718    4.052745643    4.227312828    4.238721255
   10.685207012    4.080579917    4.115864541    4.118358312
   10.751983306    4.151902368    4.080890332    4.076648442
   10.818759599    4.096443143    4.269552046    4.280301527
   10.885535893    4.033467686    4.474211432    4.501426732
   10.952312187    4.146649190    4.403226293    4.419136926
   11.019088481    4.168351500    4.137223426    4.135402107
   11.085864775    4.007824648    3.861087748    3.851876447
   11.152641068    3.901533035    3.854904155    3.851729551
   11.219417362    4.088509751    4.020853409    4.016421699
   11.286193656    3.916021079    3.756074516    3.746031824
   11.352969950    3.676456814    3.624815151    3.621553094
   11.419746244    3.613172850    3.638256318    3.639702147
   11.486522538    3.410874199    3.545003412    3.553276761
   11.553298831    3.286025724    3.482863457    3.495314110
   11.620075125    3.397497519    3.633208464    3.647865017
   11.686851419    3.573255009    3.604750081    3.606803923
   11.753627713    3.609761623    3.562600190    3.559544299
   11.820404007    3.293192371    3.655819353    3.678583530
   11.887180301    2.973303802    3.740666504    3.788598695
   11.953956594    3.034242063    3.876162704    3.928762455
   12.020732888    3.181898037    3.819381268    3.859153375
   12.087509182    3.249411679    3.677126485    3.704019744
   12.154285476    3.477908210    3.567768952    3.573483601
   12.221061770    3.289483954    3.291237630    3.291396774
   12.287838063    2.951750662    2.947852165    2.947633940
   12.354614357    2.825042256    2.818717158    2.818551608
   12.421390651    2.746882882    2.799889668    2.803404302
   12.488166945    2.657844775    2.743346608    2.748709889
   12.554943239    2.703700771    2.737272232    2.739413243
   12.621719533    2.922319151    2.848973853    2.844362726
   12.688495826    3.062315006    3.008410536    3.004923968
   12.755272120    2.782342225    3.007560529    3.021640888
   12.822048414    2.906189794    2.927634937    2.928959223
   12.888824708    3.315518351    3.149092148    3.138755316
   12.955601002    3.552058025    3.539809815    3.539102905
   13.022377295    3.455255067    3.530249916    3.534913677
   13.089153589    3.452032684    3.628136754    3.639019856
   13.155929883    3.637456206    3.709641174    3.713994331
   13.222706177    3.870216270    3.812091878    3.808407754
   13.289482471    4.084723967    4.020661688    4.016754440
   13.356258765    4.450687842    4.215890625    4.201353784
   13.423035058    4.616778941    4.421251140    4.409149266
   13.489811352    4.801344136    4.589229008    4.575932228
   13.556587646    5.112010876    5.056533687    5.052973833
   13.623363940    5.504210144    5.544562393    5.547103499
   13.690140234    5.738275437    5.479658439    5.463550231
   13.756916528    5.368844666    5.167810622    5.155184570
   13.823692821    5.458828306    5.201571422    5.185517540
   13.890469115    5.648158672    5.368514541    5.351011556
   13.957245409    5.932883712    5.618041599    5.598498582
   14.024021703    6.020654094    5.713650195    5.694613018
   14.090797997    6.224896694    5.689609197    5.656099137
   14.157574290    6.254703586    5.733268311    5.700647696
   14.224350584    5.786443562    5.884113155    5.890296006
   14.291126878    5.661439310    5.600429968    5.596430786
   14.357903172    5.580941242    5.253617915    5.233122193
   14.424679466    5.630159299    4.935257376    4.892074953
   14.491455760    5.715504613    4.921793627    4.872259098
   14.558232053    5.490452791    4.993710643    4.962523422
   14.625008347    5.331967597    4.878196752    4.849531566
   14.691784641    5.134418062    4.748720678    4.724624696
   14.758560935    5.025132182    4.733437662    4.715324410
   14.825337229    5.028563918    4.744814711    4.727051929
   14.892113523    4.810335494    4.720982577    4.715353892
   14.958889816    4.755223230    4.860842435    4.867221732
   15.025666110    4.680522866    5.000559770    5.020331275
   15.092442404    4.480134899    4.962180257    4.992171409
   15.159218698    4.263741673    4.638843781    4.662272254
   15.225994992    4.302770450    4.437048626    4.445508906
   15.292771285    4.293467438    4.453719583    4.463782632
   15.359547579    4.000561422    4.472414701    4.501805623
   15.426323873    3.885148064    4.604706288    4.649667927
   15.493100167    3.907527003    4.653752894    4.700418923
   15.559876461    3.849725751    4.358074340    4.389749987
   15.626652755    3.825093508    4.114020819    4.132099566
   15.693429048    3.740311497    3.931101969    3.943156401
   15.760205342    3.399754915    3.593500177    3.605550352
   15.826981636    3.074453316    3.439758334    3.462728598
   15.893757930    3.034052088    3.410308460    3.433952224
   15.960534224    3.047920208    3.316065790    3.332844760
   16.027310518    3.113659168    3.289603732    3.300543314
   16.094086811    3.238946462    3.434872078    3.446939621
   16.160863105    3.299874387    3.558573816    3.574898333
   16.227639399    2.955062459    3.376848196    3.403261903
   16.294415693    2.869001539    3.162964898    3.181335200
   16.361191987    2.883073860    2.900696297    2.901815639
   16.427968280    2.673887229    2.681366148    2.681820622
   16.494744574    2.957016332    2.911033431    2.908188823
   16.561520868    3.178367556    3.200146232    3.201616133
   16.628297162    3.225003810    3.324213026    3.330424727
   16.695073456    3.176180553    3.100449704    3.095710825
   16.761849750    3.221752930    2.940688536    2.923094684
   16.828626043    3.227230160    2.935537348    2.917318751
   16.895402337    3.428412755    3.216061102    3.202736942
   16.962178631    3.687420085    3.308653915    3.284950063
   17.028954925    3.656722398    3.366985687    3.348896713
   17.095731219    3.540984089    3.434216809    3.427641353
   17.162507513    3.409325477    3.500534499    3.506261644
   17.229283806    3.311276737    3.482420770    3.493140469
   17.296060100    3.223309536    3.193282370    3.191361480
   17.362836394    3.268778271    3.121532153    3.112280221
   17.429612688    3.389314083    3.202547536    3.190762916
   17.496388982    3.509017981    3.347875706    3.337742198
   17.563165275    3.375424119    3.245916706    3.237788786
   17.629941569    2.958614998    3.075389225    3.082742391
   17.696717863    2.812269830    3.057529602    3.072878551
   17.763494157    2.974678843    3.108827808    3.117227725
   17.830270451    3.097611858    3.130279123    3.132337046
   17.897046745    3.108773764    3.156624897    3.159729770
   17.963823038    2.879392960    3.015451389    3.023975979
   18.030599332    2.599656037    2.692629412    2.698408920
   18.097375626    2.573800199    2.542280647    2.540343937
   18.164151920    2.480014028    2.508787356    2.510583139
   18.230928214    2.520468225    2.525833265    2.526165067
   18.297704508    2.614123610    2.571325296    2.568645536
   18.364480801    2.678711820    2.679435635    2.679492154
   18.431257095    2.636392634    2.635578987    2.635444446
   18.498033389    2.565625543    2.577818731    2.578499782
   18.564809683    2.455694913    2.454639828    2.454571418
   18.631585977    2.492692337    2.504348532    2.505109319
   18.698362270    2.514087187    2.520584258    2.520917765
   18.765138564    2.531109164    2.556021042    2.557668471
   18.831914858    2.402927700    2.520284089    2.527687718
   18.898691152    2.662263351    2.532195662    2.524135696
   18.965467446    2.790145218    2.543574592    2.528086876
   19.032243740    2.717195288    2.524970259    2.512956054
   19.099020033    2.551305761    2.501417081    2.498317800
   19.165796327    2.658401605    2.553551434    2.546978126
   19.232572621    2.668315058    2.670329655    2.670413819
   19.299348915    2.609285745    2.706035963    2.712056771
   19.366125209    2.520045393    2.624411320    2.630927892
   19.432901503    2.383273656    2.495734501    2.502729021
   19.499677796    2.250168886    2.298705669    2.301715702
   19.566454090    2.133607777    2.148119614    2.149043654
   19.633230384    2.094412935    2.070585574    2.069087225
   19.700006678    1.994737462    1.977742232    1.976698185
   19.766782972    1.948730511    1.899209089    1.896179625
   19.833559265    1.814634033    1.719843239    1.713990650
   19.900335559    1.724218623    1.694388711    1.692562501
   19.967111853    1.678080681    1.685086359    1.685549496
   20.033888147    1.647851355    1.651173503    1.651381549
   20.100664441    1.569400525    1.553120557    1.552070216
   20.167440735    1.533068622    1.494425660    1.491951337
   20.234217028    1.412328232    1.435187420    1.436552885
   20.300993322    1.342940745    1.375138959    1.377128519
   20.367769616    1.241300937    1.275456294    1.277595663
   20.434545910    1.232262936    1.229774912    1.229597644
   20.501322204    1.204906699    1.230696304    1.232309087
   20.568098497    1.165898665    1.288006746    1.295652046
   20.634874791    1.181748602    1.272503362    1.278198458
   20.701651085    1.208792327    1.258097885    1.261235569
   20.768427379    1.264860422    1.263349029    1.263239160
   20.835203673    1.275654895    1.207270247    1.202975737
   20.901979967    1.153510688    1.120323726    1.118244064
   20.968756260    1.145667257    1.105472795    1.103008299
   21.035532554    1.061820430    1.035682696    1.034089815
   21.102308848    1.026229441    1.023101985    1.022946727
   21.169085142    0.995838245    1.049622988    1.052958268
   21.235861436    0.942867208    0.962945395    0.964161005
   21.302637730    1.006542087    0.982777256    0.981292209
   21.369414023    1.047786003    1.020384579    1.018645191
   21.436190317    1.072753988    1.094668892    1.096004181
   21.502966611    1.077597065    1.089787363    1.090566550
   21.569742905    1.007116044    0.999576516    0.999125160
   21.636519199    0.899279794    0.908283113    0.908876937
   21.703295492    0.810965055    0.878196808    0.882409684
   21.770071786    0.849960109    0.928633586    0.933560050
   21.836848080    0.880596539    0.887833474    0.888277882
   21.903624374    0.861416354    0.810147416    0.806920326
   21.970400668    0.833384913    0.824170721    0.823566926
   22.037176962    0.819013688    0.848029396    0.849841820
   22.103953255    0.748898360    0.809492509    0.813251417
   22.170729549    0.741836503    0.772975274    0.774885264
   22.237505843    0.795758673    0.759305181    0.757069370
   22.304282137    0.861810226    0.776739472    0.771452033
   22.371058431    0.863979385    0.738437832    0.730587040
   22.437834725    0.796781705    0.702136149    0.696205788
   22.504611018    0.755894043    0.720210977    0.718027948
   22.571387312    0.760029246    0.774005722    0.774860817
   22.638163606    0.693265688    0.751310404    0.754891523
   22.704939900    0.737885552    0.754436512    0.755442204
   22.771716194    0.827507462    0.822855276    0.822581154
   22.838492487    0.817484856    0.822664104    0.823034248
   22.905268781    0.831226687    0.806182037    0.804603015
   22.972045075    0.785024261    0.798897544    0.799764337
   23.038821369    0.723795199    0.788993800    0.793085166
   23.105597663    0.796457235    0.837876711    0.840473326
   23.172373957    0.846695730    0.806364562    0.803846661
   23.239150250    0.818970938    0.779823489    0.777392661
   23.305926544    0.712842990    0.732887531    0.734098155
   23.372702838    0.663405105    0.646373056    0.645268669
   23.439479132    0.671812472    0.633579279    0.631179485
   23.506255426    0.624367020    0.640914475    0.641961249
   23.573031720    0.650979164    0.668816529    0.669922151
   23.639808013    0.682413704    0.714672822    0.716709791
   23.706584307    0.699686390    0.754602364    0.758079460
   23.773360601    0.666537546    0.715295125    0.718351772
   23.840136895    0.697273247    0.683930690    0.683096450
   23.906913189    0.706126194    0.660059403    0.657179506
   23.973689482    0.650940773    0.634987482    0.633995337
   24.040465776    0.592952208    0.618097508    0.619645851
   24.107242070    0.621978207    0.587396753    0.585208962
   24.174018364    0.645495798    0.574473595    0.570044321
   24.240794658    0.606689510    0.580639925    0.579010063
   24.307570952    0.588253382    0.588865143    0.588901957
   24.374347245    0.609310570    0.620648008    0.621362601
   24.441123539    0.626590403    0.620446362    0.620078975
   24.507899833    0.601123800    0.623304974    0.624685507
   24.574676127    0.593129500    0.639317319    0.642190871
   24.641452421    0.589402665    0.600643022    0.601343931
   24.708228715    0.593114402    0.596289271    0.596515678
   24.775005008    0.567687027    0.580206827    0.580943336
   24.841781302    0.561108889    0.583925151    0.585347227
   24.908557596    0.578461552    0.625192210    0.628130093
   24.975333890    0.589194965    0.631808087    0.634490021
   25.042110184    0.576584353    0.605856206    0.607698169
   25.108886477    0.546199399    0.577469261    0.579447337
   25.175662771    0.560827295    0.597816300    0.600138479
   25.242439065    0.603844976    0.610362274    0.610757905
   25.309215359    0.597180470    0.592347585    0.592027881
   25.375991653    0.605545781    0.564284570    0.561683722
   25.442767947    0.597278779    0.561370317    0.559138884
   25.509544240    0.592273183    0.567729971    0.566198637
   25.576320534    0.589012303    0.558475204    0.556582387
   25.643096828    0.593124147    0.570098735    0.568655489
   25.709873122    0.586978365    0.574994757    0.574231653
   25.776649416    0.609974624    0.574121263    0.571864864
   25.843425710    0.632098998    0.581416998    0.578256346
   25.910202003    0.606955625    0.583275304    0.581787309
   25.976978297    0.559716891    0.551410671    0.550894146
   26.043754591    0.527063576    0.526781161    0.526768640
   26.110530885    0.533036734    0.525044004    0.524549837
   26.177307179    0.567431681    0.554462434    0.553650580
   26.244083472    0.625461564    0.597788291    0.596077396
   26.310859766    0.611153571    0.583652011    0.581917118
   26.377636060    0.616786472    0.582164753    0.579969981
   26.444412354    0.608159622    0.621004933    0.621814094
   26.511188648    0.573571285    0.606809524    0.608902875
   26.577964942    0.544828893    0.597894026    0.601209046
   26.644741235    0.559214517    0.580048701    0.581350999
   26.711517529    0.552110164    0.559883740    0.560379891
   26.778293823    0.526226640    0.552302527    0.553943384
   26.845070117    0.530739251    0.542021556    0.542722353
   26.911846411    0.545041240    0.551308642    0.551697438
   26.978622705    0.615118186    0.609568845    0.609216834
   27.045398998    0.585043783    0.607513329    0.608894743
   27.112175292    0.581378751    0.613855769    0.615892858
   27.178951586    0.580567681    0.602536959    0.603906120
   27.245727880    0.553223337    0.557220444    0.557462678
   27.312504174    0.515440522    0.513856563    0.513772827
   27.379280467    0.491301632    0.488959796    0.488824717
   27.446056761    0.475112878    0.485808815    0.486473857
   27.512833055    0.471235689    0.494798043    0.496281446
   27.579609349    0.494766816    0.496160382    0.496241315
   27.646385643    0.526146501    0.493805839    0.491791454
   27.713161937    0.550060178    0.506379621    0.503646212
   27.779938230    0.545996772    0.495878436    0.492728190
   27.846714524    0.576312236    0.521305399    0.517862823
   27.913490818    0.549377135    0.502156275    0.499217565
   27.980267112    0.453069093    0.444542137    0.444006187
   28.047043406    0.410268318    0.450779287    0.453302635
   28.113819699    0.438773347    0.490592393    0.493830346
   28.180595993    0.469868406    0.509082454    0.511532489
   28.247372287    0.478732977    0.501068469    0.502469354
   28.314148581    0.446353427    0.461794220    0.462770047
   28.380924875    0.440689932    0.447344311    0.447772139
   28.447701169    0.477545427    0.465093657    0.464308910
   28.514477462    0.487472710    0.468975692    0.467817486
   28.581253756    0.503493741    0.495586405    0.495111580
   28.648030050    0.529485589    0.529063873    0.529044110
   28.714806344    0.512129746    0.522523737    0.523161919
   28.781582638    0.495854589    0.517944600    0.519319971
   28.848358932    0.466093205    0.490000084    0.491487093
   28.915135225    0.432879485    0.451777222    0.452960765
   28.981911519    0.450331156    0.461548188    0.462248493
   29.048687813    0.475859862    0.463892715    0.463134397
   29.115464107    0.495050744    0.474160073    0.472850859
   29.182240401    0.471555355    0.453702930    0.452588340
   29.249016694    0.452107716    0.438775893    0.437940058
   29.315792988    0.465618754    0.461456551    0.461195130
   29.382569282    0.476699180    0.459547630    0.458468607
   29.449345576    0.507466914    0.462231244    0.459413306
   29.516121870    0.517552449    0.484403310    0.482329793
   29.582898164    0.490656024    0.484385256    0.483988251
   29.649674457    0.490425420    0.475320245    0.474385193
   29.716450751    0.483517624    0.454765331    0.452965080
   29.783227045    0.446715227    0.420984192    0.419365583
   29.850003339    0.409276422    0.416857217    0.417324661
   29.916779633    0.381353009    0.406093156    0.407646069
   29.983555927    0.389279562    0.400012113    0.400681291
   30.050332220    0.406837787    0.414238590    0.414692909
   30.117108514    0.443074403    0.426433228    0.425401367
   30.183884808    0.465953123    0.444605408    0.443273871
   30.250661102    0.480715894    0.475141534    0.474789786
   30.317437396    0.479566683    0.488259420    0.488819008
   30.384213689    0.474398234    0.505211732    0.507147059
   30.450989983    0.465711129    0.496709788    0.498637754
   30.517766277    0.473724851    0.481096765    0.481556060
   30.584542571    0.485686026    0.474662324    0.473980262
   30.651318865    0.486361758    0.475892151    0.475226622
   30.718095159    0.493974767    0.498638125    0.498911456
   30.784871452    0.494629266    0.504226194    0.504829505
   30.851647746    0.512779554    0.517029454    0.517297693
   30.918424040    0.538886660    0.528247737    0.527578665
   30.985200334    0.553785620    0.544796090    0.544223107
   31.051976628    0.560045871    0.548710905    0.548007342
   31.118752922    0.556592750    0.573125879    0.574147140
   31.185529215    0.579899980    0.590836227    0.591507141
   31.252305509    0.588214464    0.595779569    0.596252276
   31.319081803    0.588480661    0.592036141    0.592277853
   31.385858097    0.640313298    0.631783936    0.631247588
   31.452634391    0.680990419    0.708483778    0.710181529
   31.519410684    0.668731488    0.687019156    0.688181085
   31.586186978    0.678133863    0.663036567    0.662091388
   31.652963272    0.685774179    0.652965298    0.650893030
   31.719739566    0.691871857    0.666532038    0.664942748
   31.786515860    0.672882079    0.672308285    0.672259138
   31.853292154    0.647402594    0.657771967    0.658416501
   31.920068447    0.680616161    0.686818951    0.687198458
   31.986844741    0.719674829    0.745289458    0.746882320
   32.053621035    0.724728537    0.803539207    0.808464951
   32.120397329    0.734868373    0.821242846    0.826664476
   32.187173623    0.753264947    0.828928847    0.833655532
   32.253949917    0.762599727    0.808112541    0.810945490
   32.320726210    0.829378060    0.826431558    0.826275198
   32.387502504    0.892758051    0.841892233    0.838715632
   32.454278798    0.857863542    0.796846339    0.793010071
   32.521055092    0.836498860    0.824953996    0.824235184
   32.587831386    0.872907791    0.873870490    0.873952249
   32.654607679    0.894268702    0.917709220    0.919196019
   32.721383973    0.883783932    0.933082826    0.936174628
   32.788160267    0.860533398    0.920645884    0.924384762
   32.854936561    0.840312915    0.865537143    0.867105894
   32.921712855    0.862690009    0.822776526    0.820286986
   32.988489149    0.903153632    0.835928520    0.831699113
   33.055265442    0.957808085    0.859746029    0.853595774
   33.122041736    0.955191339    0.878066094    0.873286813
   33.188818030    0.909550300    0.869656528    0.867219153
   33.255594324    0.952337533    0.873463878    0.868547583
   33.322370618    0.953433820    0.871475773    0.866318604
   33.389146912    0.928444874    0.911393467    0.910288151
   33.455923205    0.894232541    0.907203067    0.908017196
   33.522699499    0.899081515    0.896537097    0.896377262
   33.589475793    0.882634623    0.896385861    0.897252411
   33.656252087    0.876012946    0.896463648    0.897731266
   33.723028381    0.876360491    0.923541851    0.926497860
   33.789804674    0.858061252    0.902887929    0.905711919
   33.856580968    0.823471364    0.852894702    0.854745773
   33.923357262    0.831924369    0.849903619    0.851007602
   33.990133556    0.824163683    0.831664163    0.832133571
   34.056909850    0.855582764    0.817863932    0.815496303
   34.123686144    0.828705714    0.787693852    0.785122630
   34.190462437    0.774915133    0.790856554    0.791854062
   34.257238731    0.706319024    0.755044059    0.758084100
   34.324015025    0.663369303    0.720861284    0.724457131
   34.390791319    0.652907361    0.701270465    0.704312485
   34.457567613    0.633055726    0.680560069    0.683546174
   34.524343907    0.603851330    0.685228844    0.690332970
   34.591120200    0.604908171    0.685221292    0.690245400
   34.657896494    0.614968927    0.684678670    0.689030093
   34.724672788    0.626436066    0.679534938    0.682876789
   34.791449082    0.614955357    0.660914222    0.663826561
   34.858225376    0.611222001    0.634205843    0.635657284
   34.925001669    0.622283723    0.628415729    0.628769018
   34.991777963    0.631393471    0.609377659    0.607984757
   35.058554257    0.636338411    0.597598053    0.595169604
   35.125330551    0.626095337    0.599217074    0.597533850
   35.192106845    0.588801598    0.575530296    0.574702825
   35.258883139    0.555914391    0.562793551    0.563230653
   35.325659432    0.585397503    0.594807770    0.595413909
   35.392435726    0.594564206    0.593089347    0.593000895
   35.459212020    0.567546844    0.562900404    0.562590411
   35.525988314    0.538619146    0.536283813    0.536123761
   35.592764608    0.521269731    0.508277891    0.507450920
   35.659540902    0.545337447    0.498637153    0.495707754
   35.726317195    0.569995320    0.501581200    0.497299434
   35.793093489    0.576653990    0.527280646    0.524192278
   35.859869783    0.601201672    0.555582500    0.552735031
   35.926646077    0.615198704    0.558462668    0.554909293
   35.993422371    0.610854480    0.546515984    0.542499427
   36.060198664    0.601043239    0.532531019    0.528256631
   36.126974958    0.594893933    0.536786743    0.533160225
   36.193751252    0.613669509    0.562502363    0.559310818
   36.260527546    0.652067469    0.584726611    0.580518956
   36.327303840    0.650735983    0.603058080    0.600072858
   36.394080134    0.644181602    0.636236438    0.635737782
   36.460856427    0.627614313    0.674217461    0.677129447
   36.527632721    0.600601551    0.660023966    0.663729990
   36.594409015    0.592688390    0.615335405    0.616745361
   36.661185309    0.601721785    0.604180668    0.604327342
   36.727961603    0.615533479    0.636847076    0.638180028
   36.794737896    0.625255878    0.636651207    0.637382198
   36.861514190    0.579313418    0.597188013    0.598311095
   36.928290484    0.560895568    0.595129806    0.597279970
   36.995066778    0.582058957    0.592259868    0.592889022
   37.061843072    0.604390686    0.605687186    0.605769179
   37.128619366    0.631516189    0.634378265    0.634566270
   37.195395659    0.665497149    0.618146764    0.615180096
   37.262171953    0.635436593    0.607615025    0.605870014
   37.328948247    0.630954214    0.630818433    0.630812302
   37.395724541    0.629690264    0.676304494    0.679231176
   37.462500835    0.617727587    0.680586397    0.684529390
   37.529277129    0.609975457    0.650154826    0.652671124
   37.596053422    0.591343413    0.619169483    0.620904386
   37.662829716    0.558090969    0.581526820    0.582982293
   37.729606010    0.566155073    0.569193901    0.569376336
   37.796382304    0.569544507    0.557948159    0.557229765
   37.863158598    0.544631936    0.545670896    0.545734529
   37.929934891    0.541011345    0.538525451    0.538361362
   37.996711185    0.532569401    0.506845512    0.505235527
   38.063487479    0.521740001    0.501821569    0.500588118
   38.130263773    0.505148123    0.497391182    0.496909218
   38.197040067    0.491890255    0.480936200    0.480239585
   38.263816361    0.505538276    0.492681228    0.491876825
   38.330592654    0.528357660    0.494485964    0.492362604
   38.397368948    0.527357536    0.488624272    0.486194431
   38.464145242    0.511989826    0.503572365    0.503044170
   38.530921536    0.530698833    0.517902268    0.517106244
   38.597697830    0.545301059    0.518138326    0.516427054
   38.664474124    0.533277589    0.509973641    0.508512772
   38.731250417    0.518015735    0.512737995    0.512420202
   38.798026711    0.528296699    0.536254050    0.536762839
   38.864803005    0.514405789    0.533432264    0.534615936
   38.931579299    0.471975591    0.504824538    0.506858891
   38.998355593    0.455772522    0.493484947    0.495841453
   39.065131886    0.448482833    0.519950246    0.524415755
   39.131908180    0.462121283    0.524162724    0.528032021
   39.198684474    0.489694380    0.510131886    0.511416293
   39.265460768    0.478146856    0.502342841    0.503857299
   39.332237062    0.447357826    0.463441317    0.464430960
   39.399013356    0.435054772    0.437589854    0.437733691
   39.465789649    0.397685728    0.417262118    0.418483160
   39.532565943    0.395138798    0.408375590    0.409201073
   39.599342237    0.407811228    0.401264822    0.400842939
   39.666118531    0.379417741    0.377799849    0.377692329
   39.732894825    0.340498567    0.367521635    0.369215629
   39.799671119    0.333637038    0.362119937    0.363909246
   39.866447412    0.328948964    0.339468190    0.340131061
   39.933223706    0.331689096    0.342926390    0.343641298
   40.000000000    0.336415592    0.350341429    0.351217563
