# energy grid [eV]     epsr_x  epsr_y  epsr_z
#
    0.001000000   10.214028543   10.213060788   10.213013410
    0.067776294   10.215859027   10.214878110   10.214829917
    0.134552588   10.221250190   10.220230418   10.220179821
    0.201328881   10.230220334   10.229135607   10.229080989
    0.268105175   10.242800029   10.241623567   10.241563271
    0.334881469   10.259032409   10.257736461   10.257668770
    0.401657763   10.278973576   10.277529121   10.277452237
    0.468434057   10.302693146   10.301069560   10.300981587
    0.535210351   10.330274928   10.328439634   10.328338553
    0.601986644   10.361817763   10.359735832   10.359619480
    0.668762938   10.397436526   10.395070244   10.394936283
    0.735539232   10.437263322   10.434571700   10.434417590
    0.802315526   10.481448907   10.478387122   10.478210084
    0.869091820   10.530164340   10.526683102   10.526480078
    0.935868114   10.583602935   10.579647752   10.579415363
    1.002644407   10.641982536   10.637492872   10.637227362
    1.069420701   10.705548186   10.700456469   10.700153644
    1.136196995   10.774575242   10.768805713   10.768460871
    1.202973289   10.849373043   10.842840392   10.842448237
    1.269749583   10.930289220   10.922896969   10.922451510
    1.336525876   11.017714777   11.009353357   11.008847790
    1.403302170   11.112090117   11.102634561   11.102061123
    1.470078464   11.213912209   11.203219365   11.202569164
    1.536854758   11.323743156   11.311648311   11.310911113
    1.603631052   11.442220495   11.428533247   11.427697220
    1.670407346   11.570069655   11.554568834   11.553620233
    1.737183639   11.708119125   11.690546502   11.689469277
    1.803959933   11.857319056   11.837371487   11.836146794
    1.870736227   12.018764264   11.996083794   11.994689379
    1.937512521   12.193722926   12.167884209   12.166293628
    2.004288815   12.383672731   12.354166889   12.352348500
    2.071065109   12.590346917   12.556560598   12.554476262
    2.137841402   12.815793625   12.776981515   12.774584883
    2.204617696   13.062453444   13.017701717   13.014935959
    2.271393990   13.333262283   13.281439321   13.278234059
    2.338170284   13.631790213   13.571479097   13.567746206
    2.404946578   13.962432553   13.891836968   13.887464725
    2.471722871   14.330678866   14.247489354   14.242334120
    2.538499165   14.743501637   14.644701283   14.638575423
    2.605275459   15.209935292   15.091510320   15.084164206
    2.672051753   15.741970238   15.598466659   15.589561115
    2.738828047   16.355992692   16.179814818   16.168877531
    2.805604341   17.075218098   16.855475982   16.841829902
    2.872380634   17.934013176   17.654536331   17.637176327
    2.939156928   18.985740809   18.621357880   18.598719680
    3.005933222   20.314010440   19.821397702   19.790787758
    3.072709516   21.993331817   21.266729833   21.221546404
    3.139485810   23.616731190   22.523514864   22.455401980
    3.206262104   24.620764711   23.512756638   23.443512798
    3.273038397   24.836262753   24.676391300   24.666334333
    3.339814691   25.278571218   26.689112559   26.777156128
    3.406590985   25.971916979   28.943681807   29.129050878
    3.473367279   24.357240971   27.784088623   27.997369470
    3.540143573   21.923553396   26.013273625   26.268179538
    3.606919866   20.861763315   23.397674708   23.555665253
    3.673696160   19.797669907   20.569562316   20.617360103
    3.740472454   16.854663838   16.793718971   16.789310633
    3.807248748   15.828486723   15.029998883   14.980385639
    3.874025042   11.514845183   11.489054979   11.487799726
    3.940801336    7.026576187    6.564655288    6.536538558
    4.007577629    2.449561779    0.973561323    0.882337888
    4.074353923   -2.224567264   -4.820628141   -4.982710231
    4.141130217   -4.460923837   -7.234254972   -7.407387220
    4.207906511   -5.688291024   -7.487589666   -7.599694660
    4.274682805   -7.027922115   -7.858566075   -7.910132702
    4.341459098   -8.222392502   -7.286489483   -7.227740691
    4.408235392   -9.175456304   -7.055052193   -6.922311247
    4.475011686   -9.358018544   -6.532836394   -6.356606052
    4.541787980   -7.719891009   -5.273490655   -5.121068751
    4.608564274   -5.686157291   -4.031418366   -3.928446872
    4.675340568   -4.221987385   -3.109268889   -3.040129344
    4.742116861   -3.279524276   -2.146410260   -2.075770605
    4.808893155   -3.022234578   -1.705934840   -1.623845458
    4.875669449   -2.583935619   -1.641537777   -1.582661265
    4.942445743   -1.558496479   -1.761692860   -1.774596943
    5.009222037   -0.834577240   -1.064317522   -1.078736855
    5.075998331   -0.248493617   -0.251376997   -0.251632003
    5.142774624   -0.324196094   -0.050466171   -0.033504585
    5.209550918   -0.065886712   -0.247712035   -0.259292473
    5.276327212    0.470168675   -0.633608439   -0.702736419
    5.343103506    1.437051625   -0.518228233   -0.640428540
    5.409879800    1.742150940   -0.328966006   -0.458395831
    5.476656093    1.656212998   -0.019129200   -0.123732799
    5.543432387    1.844207974    0.372973681    0.281121611
    5.610208681    1.462021063    0.281759720    0.208026252
    5.676984975    0.859875946    0.237691700    0.198932604
    5.743761269    1.385477657    0.474606142    0.417702511
    5.810537563    1.630715362    0.457256402    0.383903412
    5.877313856    2.009511334    0.751487817    0.672956776
    5.944090150    2.373324798    1.378214390    1.316075533
    6.010866444    2.142576739    1.142006558    1.079408454
    6.077642738    1.697544953    0.560519979    0.489344070
    6.144419032    2.047899160    0.838822335    0.763281949
    6.211195326    2.134841232    0.956989395    0.883476383
    6.277971619    2.023958271    0.846096359    0.772436396
    6.344747913    1.932359396    1.052292809    0.997257967
    6.411524207    2.115274038    1.521781689    1.484745177
    6.478300501    2.297616091    1.369105929    1.311119746
    6.545076795    1.671202290    1.370537837    1.351737738
    6.611853088    0.939671939    1.636753059    1.680362593
    6.678629382    1.014696779    1.834525770    1.885726748
    6.745405676    1.478469835    1.903235632    1.929839593
    6.812181970    1.990156764    1.946733350    1.944035420
    6.878958264    2.060210456    1.921721619    1.913128711
    6.945734558    2.344748730    2.283149002    2.279334353
    7.012510851    2.126036446    2.119256326    2.118874220
    7.079287145    1.890507536    2.138630072    2.154160655
    7.146063439    1.779672700    2.114085233    2.134946661
    7.212839733    2.064642660    2.137086128    2.141646269
    7.279616027    2.251916278    2.151034046    2.144745474
    7.346392321    2.537909818    2.382566645    2.372820557
    7.413168614    2.586363862    2.745757466    2.755706792
    7.479944908    2.635267416    2.690115961    2.693638090
    7.546721202    2.725192635    2.635339421    2.629777790
    7.613497496    2.617722940    2.695403799    2.700254774
    7.680273790    2.849647123    3.045761472    3.058033776
    7.747050083    2.787241327    3.156103165    3.179136636
    7.813826377    2.801848522    3.348803070    3.383008434
    7.880602671    2.466552297    3.067786089    3.105357666
    7.947378965    2.377567281    2.713969332    2.734947277
    8.014155259    2.684234333    2.824654449    2.833482511
    8.080931553    2.384962552    2.792686277    2.818077626
    8.147707846    2.500777975    2.896728233    2.921427710
    8.214484140    2.794577637    3.072340377    3.089640002
    8.281260434    2.842706090    2.986064097    2.994968416
    8.348036728    3.051107635    3.281160388    3.295471612
    8.414813022    2.950815677    3.688545790    3.734649112
    8.481589316    2.692000351    3.558668755    3.612862130
    8.548365609    2.853390683    3.206590063    3.228664256
    8.615141903    3.151726081    3.186130046    3.188289085
    8.681918197    3.180371859    3.255314339    3.259953214
    8.748694491    3.232305480    3.183170989    3.180079270
    8.815470785    3.017435758    2.835903888    2.824586431
    8.882247078    2.702391371    2.781219931    2.786173363
    8.949023372    2.474035108    2.680106035    2.692963732
    9.015799666    2.290605170    2.502872313    2.516123739
    9.082575960    2.318176816    2.218681894    2.212457804
    9.149352254    2.481610503    2.179108057    2.160220351
    9.216128548    2.619283016    2.252787418    2.229937020
    9.282904841    2.601713391    2.067581256    2.034208167
    9.349681135    2.165699999    1.839663072    1.819289365
    9.416457429    1.745309371    1.792254442    1.795182386
    9.483233723    1.481672816    1.622890294    1.631722046
    9.550010017    1.274194589    1.439535634    1.449876347
    9.616786311    1.180502414    1.269219640    1.274777984
    9.683562604    1.377273766    1.381269532    1.381532468
    9.750338898    1.727183307    1.703153001    1.701604109
    9.817115192    2.068762135    1.749497709    1.729528055
    9.883891486    2.373058519    1.821711006    1.787304670
    9.950667780    1.845011281    1.775405026    1.771109278
   10.017444073    1.687192526    1.839208841    1.848692782
   10.084220367    1.978380780    2.017172173    2.019464416
   10.150996661    1.984905041    1.978449365    1.977935633
   10.217772955    2.007480486    1.838511607    1.828132821
   10.284549249    1.982981687    1.875332241    1.868750198
   10.351325543    1.494882689    1.907758693    1.933648264
   10.418101836    1.155181744    1.761603014    1.799544550
   10.484878130    1.074097144    1.705757838    1.745150609
   10.551654424    1.229544706    1.699776955    1.729077490
   10.618430718    1.389927130    1.810722121    1.836982194
   10.685207012    1.348957075    1.693774877    1.715362075
   10.751983306    1.342302173    1.724635940    1.748446338
   10.818759599    1.155156745    1.531621847    1.555133947
   10.885535893    1.096854376    1.098004560    1.098077570
   10.952312187    1.185033467    1.162183799    1.160687973
   11.019088481    1.375371314    1.479405693    1.485799223
   11.085864775    1.604696361    1.399132235    1.386293177
   11.152641068    1.645921333    1.339564502    1.320449759
   11.219417362    1.311624054    1.404732153    1.410580330
   11.286193656    1.040446882    1.448065465    1.473533734
   11.352969950    1.123861872    1.589981050    1.619154101
   11.419746244    1.141050994    1.468608131    1.489171312
   11.486522538    1.042597382    1.200434337    1.210294313
   11.553298831    1.126367730    1.340073717    1.353443520
   11.620075125    1.108375621    1.392852016    1.410682504
   11.686851419    1.270074316    1.372529721    1.378906963
   11.753627713    1.542533506    1.501588129    1.499010472
   11.820404007    1.509133003    1.518801207    1.519432192
   11.887180301    1.406951311    1.383955366    1.382520599
   11.953956594    1.264409347    1.261867959    1.261770656
   12.020732888    1.091356805    1.163402716    1.167954420
   12.087509182    1.112785432    1.094081540    1.092932101
   12.154285476    1.327183120    1.260825596    1.256701312
   12.221061770    1.525307514    1.370028509    1.360337587
   12.287838063    1.591141269    1.310174585    1.292675336
   12.354614357    1.669290081    1.359772426    1.340451084
   12.421390651    1.826589628    1.633739935    1.621661107
   12.488166945    1.991876436    1.872711903    1.865208996
   12.554943239    2.164340080    2.000772158    1.990486095
   12.621719533    2.333102159    2.077833748    2.061847269
   12.688495826    2.432661170    2.129558571    2.110599783
   12.755272120    2.429735047    2.319027532    2.312133582
   12.822048414    2.474207612    2.408521881    2.404398842
   12.888824708    2.676260587    2.453716567    2.439811326
   12.955601002    2.826899767    2.563361123    2.546886882
   13.022377295    2.897309674    2.658824749    2.643879466
   13.089153589    2.909008353    2.716889845    2.704917782
   13.155929883    2.876856672    2.699385468    2.688278359
   13.222706177    3.026157896    2.777176281    2.761603226
   13.289482471    3.099815797    2.919933151    2.908662188
   13.356258765    2.983472523    2.906039764    2.901156428
   13.423035058    3.059255489    3.006231817    3.002927357
   13.489811352    3.143232082    2.983681019    2.973750637
   13.556587646    3.124887012    2.957738395    2.947317634
   13.623363940    2.965869880    2.685186555    2.667641768
   13.690140234    2.683936496    2.449373804    2.434731744
   13.756916528    2.333334320    2.289754669    2.287009574
   13.823692821    2.037062125    1.946466142    1.940792727
   13.890469115    1.846060168    1.575758277    1.558838809
   13.957245409    1.774885925    1.413194586    1.390602711
   14.024021703    1.611554910    1.328581604    1.310892393
   14.090797997    1.057171356    1.051448062    1.051098371
   14.157574290    0.811319871    0.839268452    0.841037104
   14.224350584    0.771794615    0.805224884    0.807292605
   14.291126878    0.635924577    0.690491895    0.693803850
   14.357903172    0.453917797    0.527095266    0.531643199
   14.424679466    0.171789261    0.353881683    0.365207073
   14.491455760    0.000019951    0.209212789    0.222233564
   14.558232053   -0.147050570    0.230920635    0.254580642
   14.625008347   -0.325315593    0.308510994    0.348101096
   14.691784641   -0.324126296    0.392741560    0.437570247
   14.758560935   -0.231010838    0.390768053    0.429609552
   14.825337229   -0.347174525    0.210762963    0.245582473
   14.892113523   -0.457810361    0.154250363    0.192510118
   14.958889816   -0.350499469    0.023360396    0.046695153
   15.025666110   -0.396914302   -0.151819260   -0.136462125
   15.092442404   -0.847426648   -0.415149099   -0.388115834
   15.159218698   -1.022550641   -0.441564626   -0.405231294
   15.225994992   -0.876021393   -0.383794237   -0.353006304
   15.292771285   -0.872475899   -0.486647367   -0.462488465
   15.359547579   -0.938490275   -0.560470367   -0.536774714
   15.426323873   -1.018920394   -0.614109707   -0.588790790
   15.493100167   -0.864209469   -0.692381820   -0.681644406
   15.559876461   -0.745767602   -0.830496414   -0.835752835
   15.626652755   -0.763983312   -0.835917741   -0.840420568
   15.693429048   -0.941550677   -0.900778583   -0.898241602
   15.760205342   -0.889211323   -0.961849452   -0.966355177
   15.826981636   -0.757234429   -0.928684296   -0.939374767
   15.893757930   -0.792254027   -1.005012580   -1.018288590
   15.960534224   -0.688792429   -0.891077568   -0.903710989
   16.027310518   -0.586345237   -0.676012379   -0.681592939
   16.094086811   -0.538986274   -0.625940228   -0.631372877
   16.160863105   -0.406489594   -0.590964956   -0.602505753
   16.227639399   -0.334957789   -0.515932997   -0.527278785
   16.294415693   -0.327939974   -0.558667037   -0.573083879
   16.361191987   -0.267450751   -0.509016795   -0.524096947
   16.427968280   -0.257137894   -0.506913855   -0.522540304
   16.494744574   -0.203455086   -0.424418383   -0.438243738
   16.561520868   -0.026733926   -0.398596449   -0.421835646
   16.628297162    0.048541880   -0.298815478   -0.320539557
   16.695073456    0.070721206   -0.254387053   -0.274701059
   16.761849750    0.108852076   -0.248292230   -0.270588881
   16.828626043   -0.035554473   -0.218214759   -0.229641802
   16.895402337   -0.159263802   -0.248182984   -0.253751365
   16.962178631   -0.331683638   -0.365112695   -0.367214670
   17.028954925   -0.322484349   -0.283977977   -0.281592595
   17.095731219   -0.344049790   -0.331556731   -0.330773418
   17.162507513   -0.443944303   -0.370069491   -0.365466055
   17.229283806   -0.503365541   -0.338183638   -0.327880760
   17.296060100   -0.525457575   -0.505603513   -0.504366638
   17.362836394   -0.597971756   -0.589869219   -0.589353174
   17.429612688   -0.877455124   -0.639887184   -0.625024630
   17.496388982   -0.998619836   -0.738343177   -0.722055626
   17.563165275   -0.895736345   -0.811962425   -0.806744746
   17.629941569   -0.879889188   -0.796989843   -0.791755718
   17.696717863   -0.924675369   -0.811194136   -0.804069038
   17.763494157   -0.902737425   -0.973298130   -0.977688763
   17.830270451   -0.889065178   -0.960086448   -0.964550060
   17.897046745   -0.774796367   -0.814651578   -0.817153017
   17.963823038   -0.718109593   -0.822085795   -0.828588878
   18.030599332   -0.766815145   -0.837633310   -0.842075689
   18.097375626   -0.885142093   -0.838784097   -0.835899554
   18.164151920   -0.920905542   -0.918439006   -0.918319812
   18.230928214   -0.818703138   -0.900217531   -0.905330000
   18.297704508   -0.871972426   -0.987362791   -0.994573043
   18.364480801   -0.868740050   -0.918675805   -0.921802694
   18.431257095   -0.815974792   -0.845602927   -0.847452731
   18.498033389   -0.764047156   -0.794757818   -0.796656189
   18.564809683   -0.765082441   -0.756156823   -0.755594099
   18.631585977   -0.853426178   -0.767966396   -0.762606155
   18.698362270   -0.795100804   -0.762216798   -0.760166622
   18.765138564   -0.693213099   -0.701822175   -0.702345864
   18.831914858   -0.837817954   -0.829154564   -0.828607335
   18.898691152   -0.859656841   -0.939616521   -0.944608145
   18.965467446   -0.867874404   -0.971941085   -0.978465602
   19.032243740   -0.883538093   -0.923201494   -0.925700186
   19.099020033   -0.967179111   -0.918093384   -0.915031484
   19.165796327   -0.940953328   -0.909402033   -0.907444263
   19.232572621   -0.947181170   -0.930926539   -0.929947427
   19.299348915   -1.083617184   -1.094937733   -1.095575704
   19.366125209   -1.285326039   -1.294073156   -1.294629211
   19.432901503   -1.336734696   -1.360031206   -1.361493896
   19.499677796   -1.367793437   -1.415751610   -1.418746668
   19.566454090   -1.435516862   -1.488900309   -1.492224572
   19.633230384   -1.406100581   -1.449490673   -1.452199480
   19.700006678   -1.424398958   -1.433891458   -1.434484683
   19.766782972   -1.473251336   -1.449158155   -1.447646098
   19.833559265   -1.448603067   -1.404444788   -1.401667916
   19.900335559   -1.441076335   -1.385182057   -1.381670471
   19.967111853   -1.395812948   -1.336335500   -1.332630410
   20.033888147   -1.360508544   -1.238463899   -1.230856085
   20.100664441   -1.292051591   -1.177814198   -1.170687099
   20.167440735   -1.270443388   -1.204122354   -1.199978276
   20.234217028   -1.258945134   -1.231992950   -1.230318864
   20.300993322   -1.185512351   -1.187780624   -1.187922561
   20.367769616   -1.125530534   -1.132536065   -1.132975051
   20.434545910   -1.030487131   -1.013331188   -1.012249344
   20.501322204   -0.995637730   -0.980062290   -0.979086686
   20.568098497   -0.917351436   -0.930346508   -0.931149978
   20.634874791   -0.814236674   -0.888769133   -0.893421855
   20.701651085   -0.879973358   -0.936590159   -0.940120589
   20.768427379   -1.007784150   -0.990891501   -0.989846697
   20.835203673   -1.032471169   -1.009623270   -1.008207052
   20.901979967   -1.033295160   -1.017185719   -1.016175622
   20.968756260   -0.944574302   -0.941936606   -0.941767787
   21.035532554   -0.851249353   -0.887853918   -0.890144849
   21.102308848   -0.771275150   -0.811750142   -0.814284255
   21.169085142   -0.704998531   -0.756305831   -0.759503075
   21.235861436   -0.693180141   -0.756575260   -0.760535560
   21.302637730   -0.701296203   -0.706863083   -0.707229850
   21.369414023   -0.680081247   -0.668551250   -0.667838782
   21.436190317   -0.666036745   -0.646433094   -0.645209337
   21.502966611   -0.699084909   -0.659550908   -0.657072812
   21.569742905   -0.668806273   -0.675468276   -0.675880619
   21.636519199   -0.602800585   -0.641838897   -0.644281614
   21.703295492   -0.588783656   -0.644634724   -0.648126033
   21.770071786   -0.573880077   -0.613026500   -0.615465296
   21.836848080   -0.570193205   -0.581631340   -0.582342568
   21.903624374   -0.592146693   -0.563174668   -0.561371897
   21.970400668   -0.544810135   -0.533809972   -0.533125163
   22.037176962   -0.513658457   -0.496871142   -0.495820986
   22.103953255   -0.463025558   -0.475049125   -0.475811742
   22.170729549   -0.401229789   -0.444707808   -0.447427208
   22.237505843   -0.419857227   -0.388115629   -0.386137688
   22.304282137   -0.395341567   -0.372445532   -0.371008203
   22.371058431   -0.367984350   -0.352371002   -0.351384852
   22.437834725   -0.369465979   -0.347239334   -0.345841856
   22.504611018   -0.348043116   -0.349621223   -0.349726890
   22.571387312   -0.309227065   -0.336770866   -0.338499335
   22.638163606   -0.271917101   -0.312661349   -0.315212760
   22.704939900   -0.263386838   -0.320223040   -0.323770193
   22.771716194   -0.290298191   -0.300541643   -0.301179707
   22.838492487   -0.273277395   -0.253962738   -0.252749028
   22.905268781   -0.222431780   -0.219486751   -0.219298190
   22.972045075   -0.228906156   -0.225237351   -0.225004622
   23.038821369   -0.236148019   -0.209602196   -0.207943939
   23.105597663   -0.194295198   -0.178052983   -0.177026970
   23.172373957   -0.207898080   -0.149560863   -0.145922840
   23.239150250   -0.235968195   -0.175040556   -0.171239578
   23.305926544   -0.212372422   -0.212557491   -0.212563957
   23.372702838   -0.196512240   -0.211268678   -0.212201023
   23.439479132   -0.160774145   -0.168732358   -0.169233826
   23.506255426   -0.154322376   -0.165885546   -0.166610050
   23.573031720   -0.157922327   -0.168876322   -0.169564630
   23.639808013   -0.149980544   -0.145638581   -0.145364758
   23.706584307   -0.153318691   -0.153461086   -0.153458884
   23.773360601   -0.158514296   -0.165235346   -0.165656037
   23.840136895   -0.137191546   -0.122297239   -0.121370090
   23.906913189   -0.113666466   -0.095278506   -0.094126575
   23.973689482   -0.110043409   -0.069798528   -0.067283723
   24.040465776   -0.047384474   -0.036620952   -0.035944895
   24.107242070   -0.009730882   -0.015620097   -0.015987589
   24.174018364   -0.020363576    0.000398277    0.001700381
   24.240794658   -0.007467506    0.003109250    0.003769964
   24.307570952    0.008739340    0.010149245    0.010242995
   24.374347245    0.036485811    0.023262353    0.022433877
   24.441123539    0.075661467    0.040665743    0.038476118
   24.507899833    0.058335476    0.004917305    0.001577791
   24.574676127    0.032005978    0.004573462    0.002856604
   24.641452421    0.032317818    0.018143765    0.017251008
   24.708228715    0.057423149    0.052383045    0.052069218
   24.775005008    0.047581163    0.051422134    0.051663654
   24.841781302    0.078843920    0.070008524    0.069453979
   24.908557596    0.092179790    0.075671049    0.074631860
   24.975333890    0.124612218    0.102895888    0.101541099
   25.042110184    0.136472683    0.131392793    0.131084060
   25.108886477    0.147112985    0.135291466    0.134556433
   25.175662771    0.157132523    0.148041385    0.147467342
   25.242439065    0.151251637    0.150970688    0.150957173
   25.309215359    0.151002805    0.160978594    0.161595097
   25.375991653    0.174037162    0.190737163    0.191773529
   25.442767947    0.192250550    0.190715148    0.190619685
   25.509544240    0.191126210    0.177951079    0.177126491
   25.576320534    0.219542753    0.210181286    0.209602021
   25.643096828    0.264351402    0.243124839    0.241798333
   25.709873122    0.257590780    0.256861017    0.256810586
   25.776649416    0.202253393    0.231217273    0.233026337
   25.843425710    0.196668593    0.204238951    0.204717386
   25.910202003    0.236761342    0.225950894    0.225275605
   25.976978297    0.262727697    0.272446338    0.273054983
   26.043754591    0.260360372    0.276590885    0.277606247
   26.110530885    0.252128509    0.283243638    0.285189613
   26.177307179    0.234252597    0.267710706    0.269801557
   26.244083472    0.240274866    0.235731146    0.235450603
   26.310859766    0.259453247    0.236626631    0.235195815
   26.377636060    0.279422017    0.276174986    0.275965701
   26.444412354    0.277172438    0.306142284    0.307951009
   26.511188648    0.271776919    0.299679435    0.301424683
   26.577964942    0.259764798    0.268796652    0.269365128
   26.644741235    0.292839373    0.296649677    0.296892200
   26.711517529    0.329393337    0.320017462    0.319432584
   26.778293823    0.335936855    0.318901732    0.317835372
   26.845070117    0.312266487    0.318725782    0.319127408
   26.911846411    0.325451274    0.317188433    0.316668847
   26.978622705    0.327271718    0.325523759    0.325414673
   27.045398998    0.313308236    0.305300249    0.304803664
   27.112175292    0.314947524    0.310917902    0.310670510
   27.178951586    0.313562531    0.311732860    0.311617858
   27.245727880    0.347050298    0.318256335    0.316449829
   27.312504174    0.341242913    0.318137188    0.316690652
   27.379280467    0.365323699    0.341480780    0.339991701
   27.446056761    0.390666367    0.364044334    0.362380479
   27.512833055    0.377327390    0.382886363    0.383237944
   27.579609349    0.345895503    0.368939222    0.370379277
   27.646385643    0.323567785    0.356022371    0.358047752
   27.713161937    0.338293734    0.349265043    0.349953301
   27.779938230    0.357683732    0.362962065    0.363294062
   27.846714524    0.389507413    0.392071935    0.392232086
   27.913490818    0.419153969    0.417469570    0.417358734
   27.980267112    0.427277977    0.441423706    0.442304999
   28.047043406    0.424428429    0.444543174    0.445799495
   28.113819699    0.427046925    0.443333083    0.444350930
   28.180595993    0.423538585    0.426359590    0.426538085
   28.247372287    0.437332138    0.423090372    0.422202457
   28.314148581    0.442527646    0.436768270    0.436411913
   28.380924875    0.475282406    0.451247903    0.449747245
   28.447701169    0.488980563    0.460326317    0.458534187
   28.514477462    0.478764693    0.470955859    0.470466338
   28.581253756    0.508788194    0.503234342    0.502880864
   28.648030050    0.500357967    0.512439358    0.513192950
   28.714806344    0.467122499    0.474898018    0.475385022
   28.781582638    0.467574420    0.467493733    0.467490540
   28.848358932    0.485468704    0.484900701    0.484864036
   28.915135225    0.494973127    0.498570818    0.498791611
   28.981911519    0.503458653    0.509392917    0.509762024
   29.048687813    0.529554721    0.526238614    0.526034202
   29.115464107    0.541225684    0.529842950    0.529131043
   29.182240401    0.571239619    0.537046101    0.534907078
   29.249016694    0.595485178    0.573324670    0.571940773
   29.315792988    0.590992889    0.583381403    0.582903280
   29.382569282    0.552063294    0.580713818    0.582503243
   29.449345576    0.555474466    0.581316191    0.582936947
   29.516121870    0.582488736    0.593677232    0.594376332
   29.582898164    0.597331136    0.600154332    0.600332764
   29.649674457    0.598814224    0.598524853    0.598509082
   29.716450751    0.607772877    0.621380581    0.622230823
   29.783227045    0.614363667    0.633171141    0.634346713
   29.850003339    0.641999063    0.636616161    0.636283255
   29.916779633    0.641046803    0.631077141    0.630453598
   29.983555927    0.652447580    0.646345180    0.645960693
   30.050332220    0.641653780    0.653074603    0.653780288
   30.117108514    0.615494430    0.645070642    0.646919349
   30.183884808    0.640541207    0.660245440    0.661482513
   30.250661102    0.668106714    0.671274294    0.671472832
   30.317437396    0.698187499    0.692462394    0.692105895
   30.384213689    0.707232607    0.721322799    0.722202517
   30.450989983    0.716615577    0.736031171    0.737242634
   30.517766277    0.759720036    0.751282266    0.750751228
   30.584542571    0.778060189    0.755201495    0.753770354
   30.651318865    0.808286954    0.776519576    0.774536250
   30.718095159    0.804563390    0.779808041    0.778254770
   30.784871452    0.794708778    0.783305748    0.782596122
   30.851647746    0.797589233    0.796863454    0.796823831
   30.918424040    0.804201969    0.823594797    0.824807537
   30.985200334    0.834933113    0.853738421    0.854915744
   31.051976628    0.825153925    0.845348071    0.846610346
   31.118752922    0.860610870    0.882474778    0.883840359
   31.185529215    0.866230346    0.884927797    0.886093074
   31.252305509    0.839540768    0.868350061    0.870154357
   31.319081803    0.839607235    0.871970469    0.873991989
   31.385858097    0.846911784    0.854583066    0.855058178
   31.452634391    0.850920893    0.847286292    0.847059191
   31.519410684    0.838773185    0.832752229    0.832378211
   31.586186978    0.834157355    0.851190837    0.852259440
   31.652963272    0.843103470    0.859680261    0.860716823
   31.719739566    0.870354527    0.892699902    0.894097861
   31.786515860    0.896500323    0.913430609    0.914488616
   31.853292154    0.901178435    0.901427460    0.901439464
   31.920068447    0.878447018    0.878421248    0.878413021
   31.986844741    0.824350280    0.802376218    0.801002283
   32.053621035    0.830462541    0.808987878    0.807650831
   32.120397329    0.825414508    0.824767289    0.824726220
   32.187173623    0.840268714    0.837892478    0.837749420
   32.253949917    0.840398975    0.829383883    0.828697781
   32.320726210    0.830132757    0.820012565    0.819388215
   32.387502504    0.829747327    0.799129071    0.797221226
   32.454278798    0.752090995    0.733347232    0.732175935
   32.521055092    0.730277398    0.731181379    0.731244706
   32.587831386    0.745110483    0.751098637    0.751475417
   32.654607679    0.747953780    0.738134535    0.737522028
   32.721383973    0.724809746    0.737530386    0.738327458
   32.788160267    0.728376455    0.723037813    0.722694867
   32.854936561    0.736633314    0.692913825    0.690178583
   32.921712855    0.744570580    0.700661238    0.697913144
   32.988489149    0.757716898    0.710655747    0.707711836
   33.055265442    0.737289346    0.693065791    0.690310646
   33.122041736    0.635265833    0.646684938    0.647399951
   33.188818030    0.607859520    0.642300385    0.644454990
   33.255594324    0.626144646    0.637476404    0.638174820
   33.322370618    0.630340639    0.620194334    0.619563264
   33.389146912    0.597115800    0.610393769    0.611224947
   33.455923205    0.588044042    0.617072031    0.618890772
   33.522699499    0.602026341    0.617857313    0.618844342
   33.589475793    0.586349305    0.591103395    0.591396531
   33.656252087    0.566892762    0.562996748    0.562758227
   33.723028381    0.528467422    0.539019818    0.539680470
   33.789804674    0.463888423    0.503127254    0.505581887
   33.856580968    0.441028009    0.498888633    0.502505392
   33.923357262    0.436074222    0.496171197    0.499923804
   33.990133556    0.422489138    0.489629856    0.493820820
   34.056909850    0.390808753    0.435711220    0.438524473
   34.123686144    0.368109616    0.380220441    0.380979918
   34.190462437    0.377805355    0.378981871    0.379055391
   34.257238731    0.376867005    0.381066835    0.381332543
   34.324015025    0.390722247    0.399775673    0.400343470
   34.390791319    0.371144685    0.389400363    0.390548592
   34.457567613    0.398341504    0.410414131    0.411171557
   34.524343907    0.423091340    0.430991891    0.431483270
   34.591120200    0.455039478    0.429484844    0.427889310
   34.657896494    0.487809082    0.429610305    0.425962281
   34.724672788    0.506556239    0.461626016    0.458816903
   34.791449082    0.510135277    0.473547891    0.471266696
   34.858225376    0.483859831    0.459721930    0.458214934
   34.925001669    0.493427947    0.454111720    0.451646459
   34.991777963    0.492699913    0.432336553    0.428559361
   35.058554257    0.493216883    0.443423909    0.440308749
   35.125330551    0.506757598    0.470108312    0.467808362
   35.192106845    0.508251626    0.491536972    0.490488265
   35.258883139    0.498270182    0.496590355    0.496483172
   35.325659432    0.506390393    0.483060692    0.481603650
   35.392435726    0.522597936    0.481366276    0.478790696
   35.459212020    0.553963631    0.504228931    0.501117756
   35.525988314    0.562595811    0.507486583    0.504037889
   35.592764608    0.550517260    0.513388118    0.511065589
   35.659540902    0.558846782    0.538186664    0.536897641
   35.726317195    0.576374085    0.553130163    0.551678911
   35.793093489    0.592896148    0.570162906    0.568742403
   35.859869783    0.579320065    0.569651304    0.569049171
   35.926646077    0.590537829    0.579838358    0.579172163
   35.993422371    0.609085369    0.596272798    0.595474123
   36.060198664    0.614943444    0.595070911    0.593832945
   36.126974958    0.611634146    0.607063644    0.606776534
   36.193751252    0.579555243    0.629762820    0.632899773
   36.260527546    0.562374659    0.626385221    0.630386863
   36.327303840    0.540642977    0.617500503    0.622301993
   36.394080134    0.534275899    0.611490786    0.616314122
   36.460856427    0.533037153    0.590574514    0.594166257
   36.527632721    0.533949931    0.582025922    0.585031962
   36.594409015    0.555594333    0.593693310    0.596076181
   36.661185309    0.549728412    0.593678285    0.596428799
   36.727961603    0.548529642    0.572457101    0.573953476
   36.794737896    0.564806050    0.572986025    0.573498883
   36.861514190    0.555486282    0.577638051    0.579021776
   36.928290484    0.544103371    0.562687067    0.563849708
   36.995066778    0.556161555    0.557607538    0.557698337
   37.061843072    0.570096629    0.553089049    0.552027201
   37.128619366    0.559608874    0.546188508    0.545352425
   37.195395659    0.555619355    0.563343435    0.563827118
   37.262171953    0.558623183    0.566732733    0.567237599
   37.328948247    0.537872868    0.520214422    0.519110391
   37.395724541    0.521432186    0.488499089    0.486441006
   37.462500835    0.497082533    0.489843215    0.489391309
   37.529277129    0.481881597    0.477979476    0.477734714
   37.596053422    0.511666913    0.480546007    0.478602860
   37.662829716    0.513476437    0.458507388    0.455071770
   37.729606010    0.511862979    0.464162931    0.461181704
   37.796382304    0.520033618    0.482494139    0.480144600
   37.863158598    0.488842107    0.483333756    0.482984110
   37.929934891    0.474175585    0.488079090    0.488947426
   37.996711185    0.478594625    0.491412863    0.492215633
   38.063487479    0.464726158    0.485302396    0.486585566
   38.130263773    0.465584091    0.462848645    0.462672932
   38.197040067    0.485291947    0.471848017    0.471001044
   38.263816361    0.496042889    0.489891524    0.489505132
   38.330592654    0.494069997    0.512866382    0.514041400
   38.397368948    0.487701441    0.527399930    0.529878170
   38.464145242    0.508712697    0.541635743    0.543694770
   38.530921536    0.504966939    0.539583398    0.541745017
   38.597697830    0.492054493    0.535844334    0.538580874
   38.664474124    0.491811155    0.531787288    0.534289610
   38.731250417    0.492664523    0.529694687    0.532010419
   38.798026711    0.506839047    0.541958345    0.544155672
   38.864803005    0.508494423    0.560214260    0.563447710
   38.931579299    0.506273064    0.539842220    0.541937464
   38.998355593    0.492314157    0.491011055    0.490924945
   39.065131886    0.492520678    0.488134627    0.487860682
   39.131908180    0.500352491    0.492932055    0.492465942
   39.198684474    0.501794758    0.476512987    0.474932453
   39.265460768    0.483967545    0.453860306    0.451978727
   39.332237062    0.471271360    0.452228440    0.451038575
   39.399013356    0.488492819    0.476272096    0.475513310
   39.465789649    0.489449347    0.482802511    0.482389825
   39.532565943    0.488536797    0.488464182    0.488464693
   39.599342237    0.488938390    0.486236431    0.486068339
   39.666118531    0.495175909    0.476222694    0.475040739
   39.732894825    0.491631867    0.481206113    0.480559504
   39.799671119    0.500071135    0.489463886    0.488803664
   39.866447412    0.510899370    0.487659184    0.486209390
   39.933223706    0.501610234    0.483385982    0.482249831
   40.000000000    0.502265313    0.500411800    0.500294815
