# energy grid [eV]  eels components [arbitrary units]
#
    0.001000000    0.000000520    0.000000516    0.000000516
    0.034387312    0.000017872    0.000017746    0.000017738
    0.067774624    0.000035230    0.000034982    0.000034967
    0.101161937    0.000052599    0.000052229    0.000052206
    0.134549249    0.000069986    0.000069492    0.000069462
    0.167936561    0.000087395    0.000086778    0.000086739
    0.201323873    0.000104833    0.000104091    0.000104045
    0.234711185    0.000122305    0.000121437    0.000121383
    0.268098497    0.000139817    0.000138822    0.000138760
    0.301485810    0.000157376    0.000156251    0.000156181
    0.334873122    0.000174986    0.000173731    0.000173652
    0.368260434    0.000192654    0.000191266    0.000191179
    0.401647746    0.000210387    0.000208863    0.000208768
    0.435035058    0.000228189    0.000226528    0.000226424
    0.468422371    0.000246069    0.000244266    0.000244154
    0.501809683    0.000264031    0.000262085    0.000261963
    0.535196995    0.000282082    0.000279990    0.000279859
    0.568584307    0.000300230    0.000297987    0.000297847
    0.601971619    0.000318480    0.000316083    0.000315934
    0.635358932    0.000336841    0.000334286    0.000334126
    0.668746244    0.000355318    0.000352601    0.000352431
    0.702133556    0.000373920    0.000371035    0.000370855
    0.735520868    0.000392654    0.000389596    0.000389405
    0.768908180    0.000411527    0.000408292    0.000408090
    0.802295492    0.000430548    0.000427129    0.000426915
    0.835682805    0.000449724    0.000446116    0.000445890
    0.869070117    0.000469065    0.000465260    0.000465022
    0.902457429    0.000488578    0.000484570    0.000484320
    0.935844741    0.000508274    0.000504055    0.000503792
    0.969232053    0.000528160    0.000523723    0.000523446
    1.002619366    0.000548248    0.000543584    0.000543293
    1.036006678    0.000568547    0.000563647    0.000563341
    1.069393990    0.000589067    0.000583922    0.000583601
    1.102781302    0.000609820    0.000604420    0.000604082
    1.136168614    0.000630817    0.000625150    0.000624796
    1.169555927    0.000652069    0.000646125    0.000645753
    1.202943239    0.000673589    0.000667355    0.000666965
    1.236330551    0.000695390    0.000688853    0.000688444
    1.269717863    0.000717485    0.000710632    0.000710203
    1.303105175    0.000739890    0.000732705    0.000732255
    1.336492487    0.000762617    0.000755085    0.000754614
    1.369879800    0.000785684    0.000777788    0.000777294
    1.403267112    0.000809106    0.000800828    0.000800310
    1.436654424    0.000832901    0.000824222    0.000823679
    1.470041736    0.000857087    0.000847987    0.000847417
    1.503429048    0.000881684    0.000872140    0.000871542
    1.536816361    0.000906711    0.000896700    0.000896074
    1.570203673    0.000932191    0.000921688    0.000921031
    1.603590985    0.000958147    0.000947125    0.000946435
    1.636978297    0.000984602    0.000973032    0.000972308
    1.670365609    0.001011584    0.000999434    0.000998673
    1.703752922    0.001039119    0.001026357    0.001025557
    1.737140234    0.001067237    0.001053826    0.001052985
    1.770527546    0.001095970    0.001081871    0.001080987
    1.803914858    0.001125352    0.001110522    0.001109593
    1.837302170    0.001155420    0.001139814    0.001138835
    1.870689482    0.001186212    0.001169780    0.001168749
    1.904076795    0.001217772    0.001200460    0.001199374
    1.937464107    0.001250144    0.001231894    0.001230749
    1.970851419    0.001283380    0.001264127    0.001262918
    2.004238731    0.001317532    0.001297207    0.001295931
    2.037626043    0.001352661    0.001331187    0.001329838
    2.071013356    0.001388831    0.001366124    0.001364697
    2.104400668    0.001426112    0.001402080    0.001400570
    2.137787980    0.001464583    0.001439124    0.001437523
    2.171175292    0.001504329    0.001477332    0.001475633
    2.204562604    0.001545447    0.001516786    0.001514982
    2.237949917    0.001588043    0.001557580    0.001555661
    2.271337229    0.001632236    0.001599817    0.001597774
    2.304724541    0.001678160    0.001643612    0.001641434
    2.338111853    0.001725966    0.001689096    0.001686770
    2.371499165    0.001775827    0.001736417    0.001733929
    2.404886477    0.001827939    0.001785743    0.001783076
    2.438273790    0.001882529    0.001837267    0.001834404
    2.471661102    0.001939860    0.001891213    0.001888133
    2.505048414    0.002000239    0.001947843    0.001944522
    2.538435726    0.002064029    0.002007464    0.002003874
    2.571823038    0.002131662    0.002070443    0.002066553
    2.605210351    0.002203661    0.002137223    0.002132995
    2.638597663    0.002280660    0.002208344    0.002203736
    2.671984975    0.002363449    0.002284479    0.002279437
    2.705372287    0.002453016    0.002366476    0.002360940
    2.738759599    0.002550628    0.002455430    0.002449327
    2.772146912    0.002657943    0.002552788    0.002546030
    2.805534224    0.002777176    0.002660512    0.002652992
    2.838921536    0.002911376    0.002781350    0.002772941
    2.872308848    0.003064881    0.002919298    0.002909847
    2.905696160    0.003244097    0.003080427    0.003069754
    2.939083472    0.003458931    0.003274438    0.003262342
    2.972470785    0.003725535    0.003517755    0.003504044
    3.005858097    0.004071791    0.003839822    0.003824387
    3.039245409    0.004548044    0.004294926    0.004277891
    3.072632721    0.005241979    0.004971916    0.004953409
    3.106020033    0.006256315    0.005928342    0.005905231
    3.139407346    0.007553572    0.006985529    0.006944489
    3.172794658    0.008916430    0.007845865    0.007767544
    3.206181970    0.010240941    0.008462124    0.008332289
    3.239569282    0.011438243    0.008914888    0.008734491
    3.272956594    0.012452455    0.009343276    0.009127894
    3.306343907    0.013415852    0.009887520    0.009651503
    3.339731219    0.014427127    0.010570341    0.010321709
    3.373118531    0.015569542    0.011435206    0.011180193
    3.406505843    0.016758501    0.012530919    0.012282805
    3.439893155    0.017994723    0.013976913    0.013750059
    3.473280467    0.019409261    0.015651174    0.015442681
    3.506667780    0.020885153    0.017205513    0.017004652
    3.540055092    0.022099578    0.018638920    0.018452170
    3.573442404    0.023059208    0.019991423    0.019824947
    3.606829716    0.023915319    0.021194336    0.021044664
    3.640217028    0.024703502    0.022369716    0.022238155
    3.673604341    0.025247927    0.023532853    0.023430745
    3.706991653    0.025793412    0.024664443    0.024592355
    3.740378965    0.026647694    0.025892018    0.025840800
    3.773766277    0.027438713    0.026917496    0.026880585
    3.807153589    0.028019621    0.027654028    0.027627332
    3.840540902    0.028686688    0.028382165    0.028360622
    3.873928214    0.029491152    0.029028615    0.028999065
    3.907315526    0.030172216    0.029309533    0.029256884
    3.940702838    0.030789293    0.029470534    0.029391310
    3.974090150    0.031529845    0.029879728    0.029780579
    4.007477462    0.032676321    0.030830354    0.030717313
    4.040864775    0.034467326    0.032522931    0.032399436
    4.074252087    0.036707990    0.034775270    0.034644710
    4.107639399    0.038683199    0.037130632    0.037012221
    4.141026711    0.040310879    0.039332053    0.039239293
    4.174414023    0.041752834    0.041548059    0.041494012
    4.207801336    0.042991297    0.043985696    0.044003614
    4.241188648    0.044082805    0.046601882    0.046727315
    4.274575960    0.044725258    0.048855156    0.049108674
    4.307963272    0.044987820    0.050759706    0.051153994
    4.341350584    0.045490746    0.053204921    0.053771778
    4.374737896    0.046662125    0.056573997    0.057332245
    4.408125209    0.048504818    0.060674666    0.061607766
    4.441512521    0.051200722    0.065237070    0.066269534
    4.474899833    0.055460940    0.070490953    0.071516169
    4.508287145    0.060942254    0.076228257    0.077184467
    4.541674457    0.066751403    0.081823197    0.082685123
    4.575061770    0.073417173    0.088298264    0.089073292
    4.608449082    0.081907120    0.096179608    0.096831954
    4.641836394    0.091912753    0.104751926    0.105237880
    4.675223706    0.102261290    0.112995824    0.113268902
    4.708611018    0.113042756    0.120047888    0.120025299
    4.741998331    0.125065775    0.126606535    0.126232345
    4.775385643    0.138396914    0.132490081    0.131727056
    4.808772955    0.151344421    0.136921138    0.135804976
    4.842160267    0.161025231    0.140645421    0.139333330
    4.875547579    0.167973204    0.144541055    0.143122495
    4.908934891    0.175494994    0.147715557    0.146119384
    4.942322204    0.182713725    0.150069360    0.148293229
    4.975709516    0.191975374    0.153357339    0.151362882
    5.009096828    0.200676956    0.156177626    0.153993136
    5.042484140    0.204263079    0.157195268    0.154936094
    5.075871452    0.208150935    0.157486041    0.155110450
    5.109258765    0.216169395    0.160129531    0.157571868
    5.142646077    0.224224620    0.162224837    0.159469391
    5.176033389    0.229653750    0.161561361    0.158615441
    5.209420701    0.234073644    0.161258908    0.158133276
    5.242808013    0.236029856    0.163048651    0.159795754
    5.276195326    0.234995181    0.167146503    0.163832556
    5.309582638    0.226792802    0.171538536    0.168358893
    5.342969950    0.214672559    0.173784310    0.170961189
    5.376357262    0.207611640    0.174582875    0.172001813
    5.409744574    0.203380351    0.176949983    0.174454849
    5.443131886    0.197012690    0.182573571    0.180356522
    5.476519199    0.189598738    0.189302496    0.187719846
    5.509906511    0.181990119    0.192559077    0.191779480
    5.543293823    0.175556746    0.191529001    0.191401630
    5.576681135    0.173021349    0.189178016    0.189355853
    5.610068447    0.176009059    0.190515145    0.190767719
    5.643455760    0.181145486    0.193090893    0.193293404
    5.676843072    0.184634471    0.192968814    0.192956658
    5.710230384    0.188896862    0.195673612    0.195478563
    5.743617696    0.194653044    0.203398272    0.203193380
    5.777005008    0.195096435    0.210006685    0.210038207
    5.810392321    0.187880150    0.211749464    0.212317677
    5.843779633    0.181425933    0.211931307    0.213118489
    5.877166945    0.181319854    0.213515422    0.215052609
    5.910554257    0.186196375    0.217947314    0.219580509
    5.943941569    0.190285159    0.221738396    0.223397136
    5.977328881    0.191048166    0.223095327    0.224785855
    6.010716194    0.191172225    0.225197884    0.227025132
    6.044103506    0.192132401    0.229374659    0.231407263
    6.077490818    0.190332880    0.234121529    0.236675852
    6.110878130    0.184952921    0.233746512    0.236860155
    6.144265442    0.177970946    0.228248731    0.231661367
    6.177652755    0.173396102    0.223366094    0.226930543
    6.211040067    0.173476544    0.220305575    0.223708473
    6.244427379    0.174480829    0.218235844    0.221359482
    6.277814691    0.174851158    0.220013780    0.223194975
    6.311202003    0.175240640    0.226217515    0.229888872
    6.344589316    0.174301423    0.232388499    0.236819041
    6.377976628    0.173333579    0.236249860    0.241329459
    6.411363940    0.169980231    0.235753925    0.241326444
    6.444751252    0.163330748    0.227707586    0.233346945
    6.478138564    0.158824465    0.218998983    0.224293434
    6.511525876    0.159168919    0.217357431    0.222435702
    6.544913189    0.166375439    0.222996682    0.227728126
    6.578300501    0.179515985    0.228961875    0.232557274
    6.611687813    0.194089048    0.227719148    0.229546619
    6.645075125    0.203336725    0.220890297    0.221532503
    6.678462437    0.204132280    0.215658183    0.216111825
    6.711849750    0.201310513    0.214655755    0.215379203
    6.745237062    0.200017329    0.216789341    0.217803713
    6.778624374    0.201602940    0.220473862    0.221630252
    6.812011686    0.205885020    0.224397312    0.225472471
    6.845398998    0.211908805    0.227032921    0.227783167
    6.878786311    0.217870905    0.227231852    0.227528228
    6.912173623    0.221449655    0.225753651    0.225701467
    6.945560935    0.224517648    0.222824812    0.222364649
    6.978948247    0.229309158    0.219070765    0.218122549
    7.012335559    0.230962853    0.214897049    0.213748621
    7.045722871    0.226452994    0.211652125    0.210698833
    7.079110184    0.219187582    0.209329249    0.208712894
    7.112497496    0.210104818    0.205363673    0.205070192
    7.145884808    0.196381297    0.198449443    0.198578450
    7.179272120    0.184250410    0.192239068    0.192753535
    7.212659432    0.178890521    0.190889642    0.191684096
    7.246046745    0.178584557    0.193685779    0.194708885
    7.279434057    0.178123798    0.195116066    0.196284830
    7.312821369    0.173890083    0.191705054    0.192940368
    7.346208681    0.170729558    0.187865582    0.189044037
    7.379595993    0.170617517    0.186028191    0.187060113
    7.412983306    0.172043850    0.186408829    0.187345198
    7.446370618    0.173620165    0.187353272    0.188220924
    7.479757930    0.173962481    0.186229096    0.186943667
    7.513145242    0.174485586    0.182115323    0.182423825
    7.546532554    0.175896546    0.177857114    0.177744122
    7.579919866    0.174761964    0.174263351    0.174012104
    7.613307179    0.174122790    0.172874800    0.172569859
    7.646694491    0.176672535    0.172752241    0.172245993
    7.680081803    0.179191814    0.171318186    0.170554874
    7.713469115    0.181382606    0.169237803    0.168252779
    7.746856427    0.179548206    0.166946913    0.166025952
    7.780243740    0.172569975    0.164008534    0.163360241
    7.813631052    0.169888615    0.161804646    0.161148130
    7.847018364    0.171853870    0.160366033    0.159483137
    7.880405676    0.173582193    0.159725561    0.158738766
    7.913792988    0.173732013    0.160217055    0.159284607
    7.947180301    0.174829074    0.161471412    0.160556379
    7.980567613    0.177446983    0.163217930    0.162263218
    8.013954925    0.180300204    0.165418343    0.164442504
    8.047342237    0.182049062    0.166771028    0.165787593
    8.080729549    0.181387057    0.165632756    0.164633762
    8.114116861    0.180476108    0.163852212    0.162826261
    8.147504174    0.177289538    0.162416202    0.161517221
    8.180891486    0.172535410    0.161953074    0.161300384
    8.214278798    0.169963410    0.160329023    0.159707899
    8.247666110    0.168991810    0.156635811    0.155836732
    8.281053422    0.168718759    0.153208818    0.152230805
    8.314440735    0.169005661    0.150581532    0.149468810
    8.347828047    0.167312333    0.148501912    0.147407147
    8.381215359    0.163379865    0.146804404    0.145852551
    8.414602671    0.158193603    0.144878494    0.144108263
    8.447989983    0.154951170    0.143257453    0.142576265
    8.481377295    0.152715248    0.142277441    0.141668210
    8.514764608    0.149595051    0.141596272    0.141123722
    8.548151920    0.148114486    0.141826663    0.141450037
    8.581539232    0.149800685    0.143407796    0.143021584
    8.614926544    0.152385012    0.144430318    0.143950658
    8.648313856    0.154902625    0.145282592    0.144710678
    8.681701169    0.156093642    0.146058934    0.145469046
    8.715088481    0.155831119    0.146202193    0.145637493
    8.748475793    0.155922536    0.146597517    0.146051199
    8.781863105    0.155521176    0.147641441    0.147174684
    8.815250417    0.154862741    0.149374196    0.149040942
    8.848637730    0.154657794    0.150511540    0.150257539
    8.882025042    0.155442383    0.150953885    0.150681543
    8.915412354    0.158171027    0.152282266    0.151928816
    8.948799666    0.161448000    0.154052644    0.153612839
    8.982186978    0.162498681    0.154999894    0.154550419
    9.015574290    0.160975898    0.155625422    0.155285290
    9.048961603    0.158853895    0.157216579    0.157084195
    9.082348915    0.159331818    0.159375199    0.159351874
    9.115736227    0.162716776    0.162358881    0.162314238
    9.149123539    0.164669848    0.165082224    0.165073996
    9.182510851    0.164515733    0.168098469    0.168276840
    9.215898164    0.165740109    0.172114491    0.172482986
    9.249285476    0.168208799    0.175619900    0.176072653
    9.282672788    0.170441077    0.177797814    0.178257186
    9.316060100    0.171959679    0.179259579    0.179716826
    9.349447412    0.173100298    0.182256190    0.182837893
    9.382834725    0.173748056    0.185345781    0.186108309
    9.416222037    0.173979683    0.185446580    0.186212673
    9.449609349    0.175329978    0.184047625    0.184619148
    9.482996661    0.178326428    0.183576743    0.183906770
    9.516383973    0.182984263    0.185949774    0.186128036
    9.549771285    0.190926419    0.191455013    0.191474680
    9.583158598    0.199878448    0.196922731    0.196730394
    9.616545910    0.205915739    0.200655534    0.200333799
    9.649933222    0.208203893    0.203656711    0.203376327
    9.683320534    0.207371551    0.207281476    0.207254733
    9.716707846    0.205336791    0.210710699    0.211019880
    9.750095159    0.202449029    0.212022545    0.212615938
    9.783482471    0.198647209    0.210543070    0.211308890
    9.816869783    0.194892405    0.208004444    0.208867001
    9.850257095    0.192382580    0.206583986    0.207533570
    9.883644407    0.191129450    0.206014592    0.207021567
    9.917031720    0.191704104    0.205103458    0.206000713
    9.950419032    0.195096118    0.204039470    0.204609654
    9.983806344    0.199342589    0.204743246    0.205075705
   10.017193656    0.201165014    0.205625679    0.205903683
   10.050580968    0.200142105    0.205035068    0.205347152
   10.083968280    0.196794860    0.205196691    0.205744320
   10.117355593    0.192695319    0.205832539    0.206712060
   10.150742905    0.190209596    0.204620816    0.205590962
   10.184130217    0.188603475    0.202091493    0.202981339
   10.217517529    0.187972541    0.199826561    0.200573798
   10.250904841    0.189916566    0.198987659    0.199500603
   10.284292154    0.194494019    0.198977442    0.199147718
   10.317679466    0.197914895    0.199057010    0.199026872
   10.351066778    0.198216051    0.200311277    0.200364631
   10.384454090    0.197740503    0.201274047    0.201402501
   10.417841402    0.198014953    0.199886730    0.199853095
   10.451228715    0.200609246    0.198235033    0.197877080
   10.484616027    0.205847797    0.197733473    0.197003940
   10.518003339    0.211491308    0.197630275    0.196601602
   10.551390651    0.216865932    0.199307900    0.198141436
   10.584777963    0.221292493    0.203190193    0.202057459
   10.618165275    0.221517147    0.205583624    0.204596999
   10.651552588    0.218371445    0.203526058    0.202603024
   10.684939900    0.215468318    0.199987771    0.199035956
   10.718327212    0.213645544    0.198244891    0.197312561
   10.751714524    0.213795761    0.199189058    0.198307755
   10.785101836    0.216723908    0.201882369    0.200991532
   10.818489149    0.220454702    0.204828458    0.203901330
   10.851876461    0.222841436    0.207103616    0.206179814
   10.885263773    0.224344133    0.209298672    0.208418708
   10.918651085    0.226696308    0.212636661    0.211813454
   10.952038397    0.230662507    0.217646034    0.216881057
   10.985425710    0.234960074    0.223909766    0.223253012
   11.018813022    0.238629250    0.231253190    0.230804595
   11.052200334    0.241026292    0.237053569    0.236808624
   11.085587646    0.241090079    0.238447861    0.238284930
   11.118974958    0.238134684    0.234631368    0.234411858
   11.152362270    0.235855564    0.229922826    0.229552384
   11.185749583    0.237102508    0.229535467    0.229071504
   11.219136895    0.241055213    0.234076566    0.233650810
   11.252524207    0.245473604    0.239961266    0.239623112
   11.285911519    0.247026372    0.242455304    0.242170628
   11.319298831    0.245324348    0.239676310    0.239320313
   11.352686144    0.242067296    0.234472716    0.233997134
   11.386073456    0.239197250    0.230300872    0.229751917
   11.419460768    0.237735952    0.229485214    0.228978275
   11.452848080    0.237202415    0.230027774    0.229581544
   11.486235392    0.238525163    0.230902056    0.230421545
   11.519622705    0.241828363    0.232743515    0.232168899
   11.553010017    0.245241849    0.234025169    0.233317103
   11.586397329    0.249581539    0.234552638    0.233620287
   11.619784641    0.254463993    0.235300640    0.234152552
   11.653171953    0.255648947    0.235171500    0.233971510
   11.686559265    0.254408575    0.234068198    0.232886641
   11.719946578    0.252679563    0.233107303    0.231971443
   11.753333890    0.253482963    0.233599106    0.232445373
   11.786721202    0.256920012    0.234901984    0.233632957
   11.820108514    0.261364257    0.234948655    0.233455494
   11.853495826    0.265940820    0.235014079    0.233312032
   11.886883139    0.267648445    0.236779386    0.235083051
   11.920270451    0.265808006    0.239639575    0.238153923
   11.953657763    0.263981561    0.242324684    0.241053280
   11.987045075    0.266116884    0.245876039    0.244668663
   12.020432387    0.270260786    0.251078307    0.249901999
   12.053819699    0.272000070    0.256238985    0.255202386
   12.087207012    0.270885309    0.261353257    0.260613485
   12.120594324    0.268963740    0.265922773    0.265538853
   12.153981636    0.267967833    0.270746737    0.270716299
   12.187368948    0.267160336    0.274843160    0.275159423
   12.220756260    0.268024046    0.276842955    0.277293412
   12.254143573    0.269506295    0.276430005    0.276795399
   12.287530885    0.267713468    0.272782263    0.273041696
   12.320918197    0.264537391    0.268400257    0.268588010
   12.354305509    0.262837093    0.265745509    0.265870142
   12.387692821    0.259626768    0.263279861    0.263437582
   12.421080134    0.254216386    0.260042403    0.260326969
   12.454467446    0.249390649    0.256470151    0.256839185
   12.487854758    0.246565600    0.253458951    0.253817272
   12.521242070    0.241444912    0.249059236    0.249447272
   12.554629382    0.233250107    0.244323694    0.244900872
   12.588016694    0.223627989    0.240219019    0.241149643
   12.621404007    0.214521613    0.234337012    0.235522250
   12.654791319    0.206938554    0.227429121    0.228707445
   12.688178631    0.201575025    0.221020060    0.222263429
   12.721565943    0.198429028    0.216386557    0.217546356
   12.754953255    0.194330473    0.211725108    0.212858701
   12.788340568    0.189204673    0.205468661    0.206540938
   12.821727880    0.185199683    0.199146247    0.200067085
   12.855115192    0.182543610    0.194627809    0.195423190
   12.888502504    0.181001659    0.191657793    0.192357923
   12.921889816    0.179567208    0.188345866    0.188919724
   12.955277129    0.177059489    0.184074602    0.184529199
   12.988664441    0.173777185    0.179655726    0.180033975
   13.022051753    0.170915048    0.176085752    0.176416661
   13.055439065    0.168688613    0.173336827    0.173631878
   13.088826377    0.166537862    0.171433541    0.171741559
   13.122213689    0.164926385    0.170730856    0.171094206
   13.155601002    0.163713243    0.171037380    0.171498464
   13.188988314    0.162488724    0.170888628    0.171424743
   13.222375626    0.160758254    0.169083927    0.169620280
   13.255762938    0.159235921    0.166952288    0.167449521
   13.289150250    0.158189467    0.166060488    0.166568157
   13.322537563    0.156920160    0.164864465    0.165380032
   13.355924875    0.155206491    0.162338018    0.162800483
   13.389312187    0.152999357    0.159817174    0.160258084
   13.422699499    0.150830918    0.157885947    0.158342709
   13.456086811    0.148798600    0.156212997    0.156695471
   13.489474124    0.147667521    0.154788105    0.155253264
   13.522861436    0.147304385    0.153248107    0.153634740
   13.556248748    0.147215188    0.151944404    0.152249439
   13.589636060    0.147143339    0.151718658    0.152012235
   13.623023372    0.147723079    0.152445214    0.152747479
   13.656410684    0.149363266    0.154213723    0.154522557
   13.689797997    0.150524717    0.156281869    0.156647871
   13.723185309    0.150814256    0.157572393    0.158005283
   13.756572621    0.150885825    0.157985090    0.158441806
   13.789959933    0.151016330    0.158415119    0.158891154
   13.823347245    0.151764097    0.159972452    0.160501245
   13.856734558    0.151954029    0.161784158    0.162424197
   13.890121870    0.152088454    0.163374324    0.164123276
   13.923509182    0.153287599    0.164568293    0.165322200
   13.956896494    0.154222233    0.165701588    0.166470259
   13.990283806    0.154295231    0.166793636    0.167637826
   14.023671119    0.154247554    0.167239443    0.168122892
   14.057058431    0.154437142    0.167470190    0.168358072
   14.090445743    0.155786916    0.168887270    0.169779418
   14.123833055    0.158425771    0.171363461    0.172240603
   14.157220367    0.161348076    0.173753370    0.174587237
   14.190607679    0.164662248    0.176015179    0.176770208
   14.223994992    0.167753455    0.178877735    0.179618026
   14.257382304    0.169706421    0.182236125    0.183078075
   14.290769616    0.171279472    0.185385966    0.186340286
   14.324156928    0.172146490    0.187043718    0.188050523
   14.357544240    0.172926378    0.187942541    0.188949279
   14.390931553    0.175037635    0.189853332    0.190833803
   14.424318865    0.178649356    0.192762375    0.193681628
   14.457706177    0.182259015    0.196280338    0.197190569
   14.491093489    0.184338422    0.199191264    0.200153678
   14.524480801    0.186026423    0.200747944    0.201682736
   14.557868114    0.187981892    0.201796865    0.202654587
   14.591255426    0.189662084    0.203474874    0.204328381
   14.624642738    0.191022700    0.205721301    0.206622091
   14.658030050    0.192422344    0.207217657    0.208091231
   14.691417362    0.194043667    0.207393906    0.208122552
   14.724804674    0.195282589    0.206213319    0.206749774
   14.758191987    0.195876888    0.205480825    0.205911917
   14.791579299    0.198179922    0.205899567    0.206175297
   14.824966611    0.201066090    0.206057166    0.206151440
   14.858353923    0.202854803    0.206531597    0.206545166
   14.891741235    0.204432828    0.206370517    0.206252894
   14.925128548    0.206797416    0.205087576    0.204744738
   14.958515860    0.208692558    0.203792003    0.203296278
   14.991903172    0.209925801    0.203832838    0.203310511
   15.025290484    0.210004035    0.204538519    0.204076369
   15.058677796    0.209886958    0.205284984    0.204873072
   15.092065109    0.211612099    0.206617322    0.206171227
   15.125452421    0.214786922    0.208074423    0.207527563
   15.158839733    0.216855137    0.208507477    0.207879788
   15.192227045    0.217348407    0.208293282    0.207639793
   15.225614357    0.218260235    0.208951735    0.208290322
   15.259001669    0.221374044    0.211327435    0.210629513
   15.292388982    0.225726188    0.215109651    0.214385100
   15.325776294    0.229820967    0.218330738    0.217558450
   15.359163606    0.232783490    0.220384581    0.219567005
   15.392550918    0.235703555    0.222803881    0.221957419
   15.425938230    0.239111592    0.224742244    0.223808059
   15.459325543    0.242780584    0.225219567    0.224118546
   15.492712855    0.246578618    0.226016962    0.224780441
   15.526100167    0.249404366    0.227433504    0.226142363
   15.559487479    0.251512210    0.228745431    0.227423264
   15.592874791    0.254863160    0.230518443    0.229123014
   15.626262104    0.260225599    0.233337493    0.231825553
   15.659649416    0.264899213    0.236971908    0.235416796
   15.693036728    0.269194317    0.241936967    0.240414853
   15.726424040    0.274148098    0.247883406    0.246407649
   15.759811352    0.278382112    0.252475304    0.251015170
   15.793198664    0.282467070    0.255868931    0.254371668
   15.826585977    0.288751107    0.261798735    0.260278067
   15.859973289    0.295633898    0.269801909    0.268332643
   15.893360601    0.301210783    0.276078715    0.274643887
   15.926747913    0.305436108    0.278534315    0.277006762
   15.960135225    0.308581032    0.279707100    0.278072333
   15.993522538    0.309458987    0.281828640    0.280247335
   16.026909850    0.311219725    0.285451507    0.283961486
   16.060297162    0.317549352    0.292875616    0.291441468
   16.093684474    0.324096435    0.298907166    0.297446476
   16.127071786    0.326078289    0.299653855    0.298126430
   16.160459098    0.324362256    0.297088093    0.295513278
   16.193846411    0.322356022    0.293871807    0.292227482
   16.227233723    0.322888153    0.293651547    0.291951120
   16.260621035    0.326539531    0.297429569    0.295715362
   16.294008347    0.331430252    0.302460275    0.300727948
   16.327395659    0.333754348    0.305988055    0.304291171
   16.360782972    0.334000812    0.307739124    0.306088482
   16.394170284    0.333135332    0.309804288    0.308269800
   16.427557596    0.333762664    0.314337448    0.312983769
   16.460944908    0.334149847    0.319021322    0.317888796
   16.494332220    0.332692111    0.322039569    0.321152375
   16.527719533    0.329900298    0.323869667    0.323259277
   16.561106845    0.327399595    0.325116444    0.324747473
   16.594494157    0.323108681    0.323907817    0.323742396
   16.627881469    0.318788573    0.322588956    0.322620969
   16.661268781    0.314595306    0.322120885    0.322407866
   16.694656093    0.310615334    0.321444418    0.321985119
   16.728043406    0.308459077    0.320777128    0.321452099
   16.761430718    0.307111532    0.320702167    0.321487415
   16.794818030    0.305369382    0.319494708    0.320340689
   16.828205342    0.302607424    0.316168948    0.316985519
   16.861592654    0.297918615    0.312426880    0.313306889
   16.894979967    0.292951826    0.309427433    0.310450914
   16.928367279    0.290046937    0.308912285    0.310111605
   16.961754591    0.286302467    0.309488457    0.311018782
   16.995141903    0.281649403    0.307537384    0.309301794
   17.028529215    0.280717609    0.305308093    0.306988207
   17.061916528    0.282612956    0.305346173    0.306887544
   17.095303840    0.283112371    0.304797028    0.306255664
   17.128691152    0.282536753    0.301700711    0.302965447
   17.162078464    0.282288198    0.297555555    0.298536103
   17.195465776    0.281194898    0.292315310    0.293014431
   17.228853088    0.277372287    0.286888928    0.287490662
   17.262240401    0.272942477    0.283936313    0.284639080
   17.295627713    0.271931414    0.283968151    0.284729567
   17.329015025    0.274511111    0.285376863    0.286040759
   17.362402337    0.279762705    0.288104190    0.288584992
   17.395789649    0.285938752    0.290516132    0.290744095
   17.429176962    0.292115623    0.291603506    0.291518769
   17.462564274    0.298826336    0.293815823    0.293479426
   17.495951586    0.303514285    0.296711092    0.296285308
   17.529338898    0.303921712    0.297640658    0.297253328
   17.562726210    0.301128350    0.296029584    0.295715214
   17.596113523    0.297516406    0.293397632    0.293143136
   17.629500835    0.296622265    0.292906442    0.292676397
   17.662888147    0.299731604    0.295386809    0.295119096
   17.696275459    0.302651344    0.298756225    0.298516399
   17.729662771    0.305456346    0.302859062    0.302698034
   17.763050083    0.311685414    0.307960906    0.307729286
   17.796437396    0.318292584    0.311654214    0.311247102
   17.829824708    0.322043310    0.312706717    0.312139788
   17.863212020    0.321970971    0.313216729    0.312678174
   17.896599332    0.320890998    0.315143138    0.314779547
   17.929986644    0.320598316    0.318159545    0.317998529
   17.963373957    0.321332569    0.321382835    0.321381278
   17.996761269    0.324021507    0.324589156    0.324622688
   18.030148581    0.326996333    0.328234647    0.328310765
   18.063535893    0.329286729    0.332090032    0.332265865
   18.096923205    0.331225959    0.335359120    0.335619806
   18.130310518    0.334697297    0.337814050    0.338007293
   18.163697830    0.338768066    0.339608781    0.339657624
   18.197085142    0.340845073    0.340084102    0.340034089
   18.230472454    0.340593727    0.339474050    0.339402078
   18.263859766    0.340530147    0.338690502    0.338573724
   18.297247078    0.341612684    0.338753430    0.338575019
   18.330634391    0.343082118    0.340325518    0.340153004
   18.364021703    0.346633368    0.342237743    0.341962877
   18.397409015    0.351707641    0.342972314    0.342439190
   18.430796327    0.355241661    0.343325650    0.342607717
   18.464183639    0.355753210    0.344057150    0.343347865
   18.497570952    0.355068535    0.345081740    0.344469156
   18.530958264    0.355880032    0.346986442    0.346437635
   18.564345576    0.359955331    0.351002404    0.350447636
   18.597732888    0.366202356    0.357373580    0.356821067
   18.631120200    0.369739681    0.361874772    0.361375589
   18.664507513    0.369775453    0.362743657    0.362290949
   18.697894825    0.366524249    0.361093057    0.360731336
   18.731282137    0.361688078    0.358404614    0.358171682
   18.764669449    0.358447603    0.357615803    0.357534540
   18.798056761    0.356062514    0.358163224    0.358272985
   18.831444073    0.354193942    0.357842490    0.358057857
   18.864831386    0.351348925    0.356140946    0.356433649
   18.898218698    0.348228204    0.353958423    0.354315668
   18.931606010    0.347428418    0.353500461    0.353882759
   18.964993322    0.348871917    0.355333667    0.355742859
   18.998380634    0.349605586    0.356510824    0.356949897
   19.031767947    0.347368526    0.354295639    0.354736799
   19.065155259    0.342971512    0.351211834    0.351739505
   19.098542571    0.340091698    0.350306872    0.350964598
   19.131929883    0.341367814    0.351293156    0.351925886
   19.165317195    0.344349867    0.351574754    0.352025151
   19.198704508    0.345020377    0.348104575    0.348291183
   19.232091820    0.338710674    0.339515112    0.339563432
   19.265479132    0.329005667    0.329723008    0.329766855
   19.298866444    0.322661379    0.322154391    0.322122235
   19.332253756    0.317729394    0.316122258    0.316022761
   19.365641068    0.312627032    0.311610692    0.311547636
   19.399028381    0.309303424    0.309190078    0.309183283
   19.432415693    0.309386312    0.309128200    0.309112050
   19.465803005    0.311048584    0.310917391    0.310908874
   19.499190317    0.312547295    0.313029598    0.313059588
   19.532577629    0.314795918    0.315550387    0.315597911
   19.565964942    0.316162326    0.317054604    0.317111235
   19.599352254    0.317024642    0.317182539    0.317192929
   19.632739566    0.318101244    0.316951118    0.316879076
   19.666126878    0.319857475    0.318354572    0.318258871
   19.699514190    0.323737806    0.323127406    0.323085529
   19.732901503    0.328992835    0.330691613    0.330795504
   19.766288815    0.334486567    0.338094357    0.338321693
   19.799676127    0.340155903    0.344626576    0.344909964
   19.833063439    0.344786544    0.348576848    0.348816657
   19.866450751    0.348633167    0.350789123    0.350924776
   19.899838063    0.351399523    0.354066558    0.354233289
   19.933225376    0.354090184    0.359195963    0.359519287
   19.966612688    0.359228741    0.366313498    0.366765751
   20.000000000    0.363922219    0.373039819    0.373624543
